         0.0000         1.2664
         0.1000         1.2627
         0.2000         1.2494
         0.3000         1.2268
         0.4000         1.1950
         0.5000         1.1543
         0.6000         1.1051
         0.7000         1.0479
         0.8000         0.9833
         0.9000         0.9118
         1.0000         0.8342
         1.1000         0.7511
         1.2000         0.6633
         1.3000         0.5717
         1.4000         0.4771
         1.5000         0.3803
         1.6000         0.2824
         1.7000         0.1840
         1.8000         0.0862
         1.9000        -0.0103
         2.0000        -0.1045
         2.1000        -0.1958
         2.2000        -0.2832
         2.3000        -0.3662
         2.4000        -0.4441
         2.5000        -0.5162
         2.6000        -0.5820
         2.7000        -0.6410
         2.8000        -0.6928
         2.9000        -0.7370
         3.0000        -0.7733
         3.1000        -0.8014
         3.2000        -0.8211
         3.3000        -0.8323
         3.4000        -0.8348
         3.5000        -0.8287
         3.6000        -0.8140
         3.7000        -0.7907
         3.8000        -0.7590
         3.9000        -0.7193
         4.0000        -0.6717
         4.1000        -0.6166
         4.2000        -0.5544
         4.3000        -0.4856
         4.4000        -0.4108
         4.5000        -0.3305
         4.6000        -0.2454
         4.7000        -0.1563
         4.8000        -0.0639
         4.9000         0.0311
         5.0000         0.1278
         5.1000         0.2253
         5.2000         0.3228
         5.3000         0.4194
         5.4000         0.5142
         5.5000         0.6064
         5.6000         0.6952
         5.7000         0.7797
         5.8000         0.8592
         5.9000         0.9330
         6.0000         1.0002
         6.1000         1.0604
         6.2000         1.1130
         6.3000         1.1574
         6.4000         1.1932
         6.5000         1.2201
         6.6000         1.2378
         6.7000         1.2462
         6.8000         1.2452
         6.9000         1.2348
         7.0000         1.2151
         7.1000         1.1864
         7.2000         1.1488
         7.3000         1.1028
         7.4000         1.0488
         7.5000         0.9874
         7.6000         0.9190
         7.7000         0.8445
         7.8000         0.7645
         7.9000         0.6797
         8.0000         0.5909
         8.1000         0.4990
         8.2000         0.4049
         8.3000         0.3093
         8.4000         0.2133
         8.5000         0.1175
         8.6000         0.0230
         8.7000        -0.0696
         8.8000        -0.1593
         8.9000        -0.2454
         9.0000        -0.3273
         9.1000        -0.4043
         9.2000        -0.4757
         9.3000        -0.5410
         9.4000        -0.5997
         9.5000        -0.6515
         9.6000        -0.6959
         9.7000        -0.7326
         9.8000        -0.7614
         9.9000        -0.7821
        10.0000        -0.7946
        10.1000        -0.7988
        10.2000        -0.7946
        10.3000        -0.7822
        10.4000        -0.7615
        10.5000        -0.7328
        10.6000        -0.6963
        10.7000        -0.6522
        10.8000        -0.6009
        10.9000        -0.5427
        11.0000        -0.4782
        11.1000        -0.4078
        11.2000        -0.3322
        11.3000        -0.2519
        11.4000        -0.1675
        11.5000        -0.0800
        11.6000         0.0101
        11.7000         0.1020
        11.8000         0.1948
        11.9000         0.2877
        12.0000         0.3799
        12.1000         0.4707
        12.2000         0.5591
        12.3000         0.6444
        12.4000         0.7258
        12.5000         0.8027
        12.6000         0.8743
        12.7000         0.9399
        12.8000         0.9990
        12.9000         1.0509
        13.0000         1.0953
        13.1000         1.1318
        13.2000         1.1598
        13.3000         1.1793
        13.4000         1.1900
        13.5000         1.1918
        13.6000         1.1848
        13.7000         1.1689
        13.8000         1.1443
        13.9000         1.1114
        14.0000         1.0704
        14.1000         1.0216
        14.2000         0.9657
        14.3000         0.9032
        14.4000         0.8346
        14.5000         0.7606
        14.6000         0.6819
        14.7000         0.5992
        14.8000         0.5134
        14.9000         0.4252
        15.0000         0.3355
        15.1000         0.2451
        15.2000         0.1547
        15.3000         0.0653
        15.4000        -0.0225
        15.5000        -0.1079
        15.6000        -0.1900
        15.7000        -0.2683
        15.8000        -0.3421
        15.9000        -0.4108
        16.0000        -0.4738
        16.1000        -0.5308
        16.2000        -0.5813
        16.3000        -0.6248
        16.4000        -0.6613
        16.5000        -0.6903
        16.6000        -0.7118
        16.7000        -0.7255
        16.8000        -0.7315
        16.9000        -0.7298
        17.0000        -0.7202
        17.1000        -0.7031
        17.2000        -0.6784
        17.3000        -0.6463
        17.4000        -0.6072
        17.5000        -0.5614
        17.6000        -0.5091
        17.7000        -0.4509
        17.8000        -0.3871
        17.9000        -0.3184
        18.0000        -0.2452
        18.1000        -0.1683
        18.2000        -0.0883
        18.3000        -0.0057
        18.4000         0.0785
        18.5000         0.1638
        18.6000         0.2493
        18.7000         0.3343
        18.8000         0.4181
        18.9000         0.4999
        19.0000         0.5791
        19.1000         0.6549
        19.2000         0.7266
        19.3000         0.7937
        19.4000         0.8555
        19.5000         0.9115
        19.6000         0.9612
        19.7000         1.0042
        19.8000         1.0399
        19.9000         1.0682
        20.0000         1.0888
        20.1000         1.1015
        20.2000         1.1061
        20.3000         1.1026
        20.4000         1.0912
        20.5000         1.0718
        20.6000         1.0447
        20.7000         1.0101
        20.8000         0.9685
        20.9000         0.9202
        21.0000         0.8656
        21.1000         0.8054
        21.2000         0.7400
        21.3000         0.6702
        21.4000         0.5966
        21.5000         0.5198
        21.6000         0.4407
        21.7000         0.3598
        21.8000         0.2781
        21.9000         0.1961
        22.0000         0.1146
        22.1000         0.0344
        22.2000        -0.0439
        22.3000        -0.1195
        22.4000        -0.1919
        22.5000        -0.2604
        22.6000        -0.3245
        22.7000        -0.3837
        22.8000        -0.4374
        22.9000        -0.4854
        23.0000        -0.5273
        23.1000        -0.5628
        23.2000        -0.5916
        23.3000        -0.6136
        23.4000        -0.6286
        23.5000        -0.6367
        23.6000        -0.6377
        23.7000        -0.6317
        23.8000        -0.6188
        23.9000        -0.5991
        24.0000        -0.5728
        24.1000        -0.5401
        24.2000        -0.5012
        24.3000        -0.4565
        24.4000        -0.4063
        24.5000        -0.3510
        24.6000        -0.2912
        24.7000        -0.2273
        24.8000        -0.1600
        24.9000        -0.0896
        25.0000        -0.0170
        25.1000         0.0574
        25.2000         0.1327
        25.3000         0.2085
        25.4000         0.2840
        25.5000         0.3585
        25.6000         0.4316
        25.7000         0.5024
        25.8000         0.5704
        25.9000         0.6350
        26.0000         0.6957
        26.1000         0.7520
        26.2000         0.8033
        26.3000         0.8493
        26.4000         0.8895
        26.5000         0.9235
        26.6000         0.9512
        26.7000         0.9722
        26.8000         0.9864
        26.9000         0.9936
        27.0000         0.9939
        27.1000         0.9872
        27.2000         0.9735
        27.3000         0.9531
        27.4000         0.9262
        27.5000         0.8929
        27.6000         0.8537
        27.7000         0.8090
        27.8000         0.7590
        27.9000         0.7045
        28.0000         0.6458
        28.1000         0.5835
        28.2000         0.5182
        28.3000         0.4505
        28.4000         0.3810
        28.5000         0.3104
        28.6000         0.2393
        28.7000         0.1683
        28.8000         0.0980
        28.9000         0.0291
        29.0000        -0.0378
        29.1000        -0.1023
        29.2000        -0.1637
        29.3000        -0.2215
        29.4000        -0.2753
        29.5000        -0.3246
        29.6000        -0.3691
        29.7000        -0.4084
        29.8000        -0.4422
        29.9000        -0.4704
        30.0000        -0.4927
