      2.00000000e+00      -4.58913172e+02      -6.26373878e+02       1.67460706e+02
      2.10000000e+00      -4.58912977e+02      -6.24823531e+02       1.65910554e+02
      2.20000000e+00      -4.58915283e+02      -6.27043679e+02       1.68128396e+02
      2.30000000e+00      -4.58913973e+02      -6.19286612e+02       1.60372639e+02
      2.40000000e+00      -4.58913440e+02      -6.12298103e+02       1.53384663e+02
      2.50000000e+00      -4.58915001e+02      -6.27071059e+02       1.68156058e+02
      2.60000000e+00      -4.58916937e+02      -6.23144608e+02       1.64227670e+02
      2.70000000e+00      -4.58916152e+02      -6.40188924e+02       1.81272772e+02
      2.80000000e+00      -4.58915674e+02      -6.17412311e+02       1.58496637e+02
      2.90000000e+00      -4.58914499e+02      -6.24175032e+02       1.65260533e+02
      3.00000000e+00      -4.58916247e+02      -6.38036010e+02       1.79119763e+02
      3.10000000e+00      -4.58916411e+02      -6.34350755e+02       1.75434344e+02
      3.20000000e+00      -4.58917676e+02      -6.28823970e+02       1.69906293e+02
      3.30000000e+00      -4.58915547e+02      -6.17581102e+02       1.58665555e+02
      3.40000000e+00      -4.58914490e+02      -6.05979195e+02       1.47064705e+02
      3.50000000e+00      -4.58914694e+02      -6.24082862e+02       1.65168167e+02
      3.60000000e+00      -4.58916694e+02      -6.31408427e+02       1.72491733e+02
      3.70000000e+00      -4.58917129e+02      -6.35010975e+02       1.76093845e+02
      3.80000000e+00      -4.58915526e+02      -6.16823445e+02       1.57907919e+02
      3.90000000e+00      -4.58914533e+02      -6.07390307e+02       1.48475774e+02
      4.00000000e+00      -4.58914960e+02      -6.23313151e+02       1.64398192e+02
      4.10000000e+00      -4.58917639e+02      -6.41200612e+02       1.82282972e+02
      4.20000000e+00      -4.58917664e+02      -6.29528021e+02       1.70610357e+02
      4.30000000e+00      -4.58915945e+02      -6.19213468e+02       1.60297522e+02
      4.40000000e+00      -4.58918234e+02      -6.24783231e+02       1.65864997e+02
      4.50000000e+00      -4.58914990e+02      -6.12608704e+02       1.53693715e+02
      4.60000000e+00      -4.58916380e+02      -6.30859865e+02       1.71943485e+02
      4.70000000e+00      -4.58915868e+02      -6.25573605e+02       1.66657737e+02
      4.80000000e+00      -4.58917700e+02      -6.12846146e+02       1.53928446e+02
      4.90000000e+00      -4.58916787e+02      -6.27756145e+02       1.68839358e+02
      5.00000000e+00      -4.58917380e+02      -6.21969690e+02       1.63052310e+02
      5.10000000e+00      -4.58919676e+02      -6.31032860e+02       1.72113183e+02
      5.20000000e+00      -4.58918219e+02      -6.20622119e+02       1.61703901e+02
      5.30000000e+00      -4.58916025e+02      -6.26489788e+02       1.67573763e+02
      5.40000000e+00      -4.58916276e+02      -6.20571895e+02       1.61655619e+02
      5.50000000e+00      -4.58917085e+02      -6.29921068e+02       1.71003983e+02
      5.60000000e+00      -4.58916173e+02      -6.28680302e+02       1.69764130e+02
      5.70000000e+00      -4.58917864e+02      -6.39593734e+02       1.80675870e+02
      5.80000000e+00      -4.58917050e+02      -6.14131820e+02       1.55214770e+02
      5.90000000e+00      -4.58916881e+02      -6.19837686e+02       1.60920805e+02
      6.00000000e+00      -4.58917225e+02      -6.30360207e+02       1.71442983e+02
      6.10000000e+00      -4.58916000e+02      -6.31372423e+02       1.72456423e+02
      6.20000000e+00      -4.58917345e+02      -6.27160854e+02       1.68243509e+02
      6.30000000e+00      -4.58915466e+02      -6.19639578e+02       1.60724112e+02
      6.40000000e+00      -4.58915707e+02      -6.33784188e+02       1.74868481e+02
      6.50000000e+00      -4.58916134e+02      -6.26647774e+02       1.67731639e+02
      6.60000000e+00      -4.58918079e+02      -6.40343276e+02       1.81425196e+02
      6.70000000e+00      -4.58915369e+02      -6.27331923e+02       1.68416554e+02
      6.80000000e+00      -4.58914118e+02      -6.10762779e+02       1.51848661e+02
      6.90000000e+00      -4.58917932e+02      -6.24751362e+02       1.65833430e+02
      7.00000000e+00      -4.58916720e+02      -6.24862019e+02       1.65945300e+02
      7.10000000e+00      -4.58917739e+02      -6.21108418e+02       1.62190679e+02
      7.20000000e+00      -4.58915058e+02      -6.20142982e+02       1.61227924e+02
      7.30000000e+00      -4.58917082e+02      -6.23012033e+02       1.64094951e+02
      7.40000000e+00      -4.58915144e+02      -6.14190200e+02       1.55275056e+02
      7.50000000e+00      -4.58917972e+02      -6.19382320e+02       1.60464347e+02
      7.60000000e+00      -4.58918070e+02      -6.31996103e+02       1.73078033e+02
      7.70000000e+00      -4.58917788e+02      -6.14968412e+02       1.56050624e+02
      7.80000000e+00      -4.58916563e+02      -6.17089945e+02       1.58173382e+02
      7.90000000e+00      -4.58916691e+02      -6.31919953e+02       1.73003262e+02
      8.00000000e+00      -4.58918220e+02      -6.17757599e+02       1.58839380e+02
      8.10000000e+00      -4.58918889e+02      -6.29990790e+02       1.71071901e+02
      8.20000000e+00      -4.58918219e+02      -6.13785863e+02       1.54867643e+02
      8.30000000e+00      -4.58917184e+02      -6.27939509e+02       1.69022325e+02
      8.40000000e+00      -4.58917101e+02      -6.20371767e+02       1.61454665e+02
      8.50000000e+00      -4.58919882e+02      -6.36547179e+02       1.77627298e+02
      8.60000000e+00      -4.58917278e+02      -6.10234367e+02       1.51317089e+02
      8.70000000e+00      -4.58917142e+02      -6.28770853e+02       1.69853711e+02
      8.80000000e+00      -4.58916036e+02      -6.31252672e+02       1.72336636e+02
      8.90000000e+00      -4.58916087e+02      -6.21189121e+02       1.62273034e+02
      9.00000000e+00      -4.58915561e+02      -6.22197517e+02       1.63281956e+02
      9.10000000e+00      -4.58914949e+02      -6.17558496e+02       1.58643547e+02
      9.20000000e+00      -4.58917516e+02      -6.41078103e+02       1.82160587e+02
      9.30000000e+00      -4.58915453e+02      -6.21449804e+02       1.62534351e+02
      9.40000000e+00      -4.58916580e+02      -6.32625090e+02       1.73708510e+02
      9.50000000e+00      -4.58912823e+02      -6.08800228e+02       1.49887405e+02
      9.60000000e+00      -4.58916572e+02      -6.18473483e+02       1.59556912e+02
      9.70000000e+00      -4.58915310e+02      -6.26847595e+02       1.67932285e+02
      9.80000000e+00      -4.58914898e+02      -6.19788262e+02       1.60873364e+02
      9.90000000e+00      -4.58914105e+02      -6.16207320e+02       1.57293215e+02
      1.00000000e+01      -4.58914436e+02      -6.22058949e+02       1.63144514e+02
      1.01000000e+01      -4.58915675e+02      -6.23632902e+02       1.64717227e+02
      1.02000000e+01      -4.58914974e+02      -6.12801781e+02       1.53886807e+02
      1.03000000e+01      -4.58914616e+02      -6.23444870e+02       1.64530255e+02
      1.04000000e+01      -4.58915293e+02      -6.29470381e+02       1.70555089e+02
      1.05000000e+01      -4.58913766e+02      -6.18369049e+02       1.59455283e+02
      1.06000000e+01      -4.58912943e+02      -6.26686232e+02       1.67773290e+02
      1.07000000e+01      -4.58915223e+02      -6.22364971e+02       1.63449749e+02
      1.08000000e+01      -4.58913455e+02      -6.18224689e+02       1.59311234e+02
      1.09000000e+01      -4.58914183e+02      -6.27318806e+02       1.68404624e+02
      1.10000000e+01      -4.58912888e+02      -6.23912267e+02       1.64999379e+02
      1.11000000e+01      -4.58914829e+02      -6.23252188e+02       1.64337359e+02
      1.12000000e+01      -4.58914132e+02      -6.30259881e+02       1.71345749e+02
      1.13000000e+01      -4.58912723e+02      -6.20679340e+02       1.61766618e+02
      1.14000000e+01      -4.58912139e+02      -6.22581963e+02       1.63669824e+02
      1.15000000e+01      -4.58917052e+02      -6.23394992e+02       1.64477940e+02
      1.16000000e+01      -4.58913110e+02      -6.24727590e+02       1.65814480e+02
      1.17000000e+01      -4.58915194e+02      -6.22785472e+02       1.63870278e+02
      1.18000000e+01      -4.58916659e+02      -6.36294126e+02       1.77377467e+02
      1.19000000e+01      -4.58914757e+02      -6.26147288e+02       1.67232532e+02
      1.20000000e+01      -4.58914948e+02      -6.35563259e+02       1.76648311e+02
      1.21000000e+01      -4.58913375e+02      -6.25867896e+02       1.66954521e+02
      1.22000000e+01      -4.58916447e+02      -6.45165979e+02       1.86249533e+02
      1.23000000e+01      -4.58913152e+02      -6.26465060e+02       1.67551909e+02
      1.24000000e+01      -4.58913955e+02      -6.17450077e+02       1.58536122e+02
      1.25000000e+01      -4.58914485e+02      -6.37009605e+02       1.78095119e+02
      1.26000000e+01      -4.58913721e+02      -6.08664345e+02       1.49750624e+02
      1.27000000e+01      -4.58913038e+02      -6.17422398e+02       1.58509359e+02
      1.28000000e+01      -4.58913134e+02      -6.16079370e+02       1.57166236e+02
      1.29000000e+01      -4.58912715e+02      -6.15026886e+02       1.56114171e+02
      1.30000000e+01      -4.58914471e+02      -6.24503134e+02       1.65588664e+02
      1.31000000e+01      -4.58912144e+02      -6.18620838e+02       1.59708694e+02
      1.32000000e+01      -4.58912847e+02      -6.37902919e+02       1.78990071e+02
      1.33000000e+01      -4.58913838e+02      -6.25050696e+02       1.66136858e+02
      1.34000000e+01      -4.58915192e+02      -6.33980283e+02       1.75065091e+02
      1.35000000e+01      -4.58913671e+02      -6.32088640e+02       1.73174969e+02
      1.36000000e+01      -4.58914102e+02      -6.27503602e+02       1.68589500e+02
      1.37000000e+01      -4.58913991e+02      -6.27641751e+02       1.68727760e+02
      1.38000000e+01      -4.58909739e+02      -6.13852446e+02       1.54942707e+02
      1.39000000e+01      -4.58911798e+02      -6.29491548e+02       1.70579750e+02
      1.40000000e+01      -4.58911544e+02      -6.18718601e+02       1.59807057e+02
      1.41000000e+01      -4.58915838e+02      -6.36269807e+02       1.77353968e+02
      1.42000000e+01      -4.58916803e+02      -6.29990165e+02       1.71073363e+02
      1.43000000e+01      -4.58913378e+02      -6.25580670e+02       1.66667292e+02
      1.44000000e+01      -4.58913473e+02      -6.16227180e+02       1.57313707e+02
      1.45000000e+01      -4.58912182e+02      -6.09523293e+02       1.50611111e+02
      1.46000000e+01      -4.58915426e+02      -6.31380525e+02       1.72465099e+02
      1.47000000e+01      -4.58916333e+02      -6.26082486e+02       1.67166152e+02
      1.48000000e+01      -4.58912339e+02      -6.24743774e+02       1.65831435e+02
      1.49000000e+01      -4.58913069e+02      -6.24970737e+02       1.66057668e+02
      1.50000000e+01      -4.58913358e+02      -6.29966861e+02       1.71053504e+02
      1.51000000e+01      -4.58913578e+02      -6.19374175e+02       1.60460596e+02
      1.52000000e+01      -4.58913460e+02      -6.22778104e+02       1.63864644e+02
      1.53000000e+01      -4.58913054e+02      -6.13356458e+02       1.54443404e+02
      1.54000000e+01      -4.58912120e+02      -6.26924383e+02       1.68012263e+02
      1.55000000e+01      -4.58912802e+02      -6.11315811e+02       1.52403010e+02
      1.56000000e+01      -4.58911852e+02      -6.20884186e+02       1.61972333e+02
      1.57000000e+01      -4.58910812e+02      -6.21692173e+02       1.62781360e+02
      1.58000000e+01      -4.58911872e+02      -6.24122991e+02       1.65211119e+02
      1.59000000e+01      -4.58911817e+02      -6.24890025e+02       1.65978208e+02
      1.60000000e+01      -4.58911860e+02      -6.24839778e+02       1.65927917e+02
      1.61000000e+01      -4.58911619e+02      -6.14434508e+02       1.55522889e+02
      1.62000000e+01      -4.58915891e+02      -6.10892583e+02       1.51976692e+02
      1.63000000e+01      -4.58912678e+02      -6.26603863e+02       1.67691186e+02
      1.64000000e+01      -4.58912733e+02      -6.25753501e+02       1.66840768e+02
      1.65000000e+01      -4.58914700e+02      -6.36365464e+02       1.77450764e+02
      1.66000000e+01      -4.58912025e+02      -6.29875119e+02       1.70963094e+02
      1.67000000e+01      -4.58912999e+02      -6.20281600e+02       1.61368601e+02
      1.68000000e+01      -4.58911469e+02      -6.24397093e+02       1.65485624e+02
      1.69000000e+01      -4.58913406e+02      -6.21489626e+02       1.62576220e+02
      1.70000000e+01      -4.58914817e+02      -6.26720920e+02       1.67806104e+02
      1.71000000e+01      -4.58915077e+02      -6.36349739e+02       1.77434662e+02
      1.72000000e+01      -4.58913679e+02      -6.21538938e+02       1.62625260e+02
      1.73000000e+01      -4.58915105e+02      -6.30091433e+02       1.71176328e+02
      1.74000000e+01      -4.58912809e+02      -6.10746389e+02       1.51833580e+02
      1.75000000e+01      -4.58913624e+02      -6.23337428e+02       1.64423805e+02
      1.76000000e+01      -4.58912648e+02      -6.10046627e+02       1.51133980e+02
      1.77000000e+01      -4.58914317e+02      -6.29428877e+02       1.70514560e+02
      1.78000000e+01      -4.58914836e+02      -6.31966056e+02       1.73051220e+02
      1.79000000e+01      -4.58913391e+02      -6.00612057e+02       1.41698665e+02
      1.80000000e+01      -4.58913788e+02      -6.11018002e+02       1.52104214e+02
      1.81000000e+01      -4.58914131e+02      -6.17317392e+02       1.58403262e+02
      1.82000000e+01      -4.58915692e+02      -6.31314493e+02       1.72398801e+02
      1.83000000e+01      -4.58915178e+02      -6.28675607e+02       1.69760429e+02
      1.84000000e+01      -4.58916269e+02      -6.39757929e+02       1.80841660e+02
      1.85000000e+01      -4.58912929e+02      -6.25120939e+02       1.66208010e+02
      1.86000000e+01      -4.58916788e+02      -6.38315272e+02       1.79398485e+02
      1.87000000e+01      -4.58913143e+02      -6.25836336e+02       1.66923193e+02
      1.88000000e+01      -4.58913651e+02      -6.25622550e+02       1.66708898e+02
      1.89000000e+01      -4.58914252e+02      -6.35672125e+02       1.76757873e+02
      1.90000000e+01      -4.58913008e+02      -6.22023653e+02       1.63110644e+02
      1.91000000e+01      -4.58915060e+02      -6.19205614e+02       1.60290554e+02
      1.92000000e+01      -4.58913849e+02      -6.18483595e+02       1.59569747e+02
      1.93000000e+01      -4.58913946e+02      -6.31545786e+02       1.72631840e+02
      1.94000000e+01      -4.58913769e+02      -6.41594880e+02       1.82681111e+02
      1.95000000e+01      -4.58913409e+02      -6.09847874e+02       1.50934465e+02
      1.96000000e+01      -4.58915665e+02      -6.19461047e+02       1.60545382e+02
      1.97000000e+01      -4.58914405e+02      -6.10239753e+02       1.51325349e+02
      1.98000000e+01      -4.58913017e+02      -6.24334144e+02       1.65421127e+02
      1.99000000e+01      -4.58913814e+02      -6.24304183e+02       1.65390369e+02
      2.00000000e+01      -4.58916041e+02      -6.19042130e+02       1.60126089e+02
      2.01000000e+01      -4.58914909e+02      -6.25844434e+02       1.66929525e+02
      2.02000000e+01      -4.58914087e+02      -6.10499016e+02       1.51584929e+02
      2.03000000e+01      -4.58915921e+02      -6.21176584e+02       1.62260664e+02
      2.04000000e+01      -4.58914848e+02      -6.24790626e+02       1.65875778e+02
      2.05000000e+01      -4.58914449e+02      -6.22181096e+02       1.63266647e+02
      2.06000000e+01      -4.58913743e+02      -6.20016180e+02       1.61102437e+02
      2.07000000e+01      -4.58913332e+02      -6.11840221e+02       1.52926889e+02
      2.08000000e+01      -4.58914393e+02      -6.27795245e+02       1.68880852e+02
      2.09000000e+01      -4.58915592e+02      -6.25847933e+02       1.66932341e+02
      2.10000000e+01      -4.58916340e+02      -6.26408645e+02       1.67492304e+02
      2.11000000e+01      -4.58912268e+02      -6.00824430e+02       1.41912162e+02
      2.12000000e+01      -4.58914065e+02      -6.13309369e+02       1.54395304e+02
      2.13000000e+01      -4.58913680e+02      -6.27831944e+02       1.68918264e+02
      2.14000000e+01      -4.58914465e+02      -6.22030888e+02       1.63116423e+02
      2.15000000e+01      -4.58916828e+02      -6.32570869e+02       1.73654041e+02
      2.16000000e+01      -4.58917870e+02      -6.35530402e+02       1.76612532e+02
      2.17000000e+01      -4.58918214e+02      -6.44837611e+02       1.85919397e+02
      2.18000000e+01      -4.58916879e+02      -6.27816305e+02       1.68899426e+02
      2.19000000e+01      -4.58915085e+02      -6.14915389e+02       1.56000304e+02
      2.20000000e+01      -4.58917444e+02      -6.18532161e+02       1.59614717e+02
      2.21000000e+01      -4.58917418e+02      -6.26493882e+02       1.67576464e+02
      2.22000000e+01      -4.58918809e+02      -6.31697055e+02       1.72778245e+02
      2.23000000e+01      -4.58919744e+02      -6.36021045e+02       1.77101301e+02
      2.24000000e+01      -4.58918164e+02      -6.23507915e+02       1.64589751e+02
      2.25000000e+01      -4.58916514e+02      -6.15871932e+02       1.56955419e+02
      2.26000000e+01      -4.58919918e+02      -6.32397654e+02       1.73477735e+02
      2.27000000e+01      -4.58921134e+02      -6.33949016e+02       1.75027882e+02
      2.28000000e+01      -4.58919538e+02      -6.25127252e+02       1.66207714e+02
      2.29000000e+01      -4.58918203e+02      -6.21262533e+02       1.62344330e+02
      2.30000000e+01      -4.58919441e+02      -6.31754177e+02       1.72834736e+02
      2.31000000e+01      -4.58920264e+02      -6.32542056e+02       1.73621792e+02
      2.32000000e+01      -4.58920277e+02      -6.34323326e+02       1.75403050e+02
      2.33000000e+01      -4.58919812e+02      -6.29096788e+02       1.70176977e+02
      2.34000000e+01      -4.58922620e+02      -6.34247138e+02       1.75324518e+02
      2.35000000e+01      -4.58918313e+02      -6.14620766e+02       1.55702453e+02
      2.36000000e+01      -4.58919274e+02      -6.25932502e+02       1.67013229e+02
      2.37000000e+01      -4.58922510e+02      -6.38672518e+02       1.79750008e+02
      2.38000000e+01      -4.58919801e+02      -6.06079734e+02       1.47159932e+02
      2.39000000e+01      -4.58918647e+02      -6.07976149e+02       1.49057502e+02
      2.40000000e+01      -4.58921424e+02      -6.28202290e+02       1.69280866e+02
      2.41000000e+01      -4.58920032e+02      -6.33995848e+02       1.75075815e+02
      2.42000000e+01      -4.58921624e+02      -6.28297174e+02       1.69375550e+02
      2.43000000e+01      -4.58918701e+02      -6.18148350e+02       1.59229649e+02
      2.44000000e+01      -4.58921840e+02      -6.27795817e+02       1.68873977e+02
      2.45000000e+01      -4.58923423e+02      -6.19814359e+02       1.60890936e+02
      2.46000000e+01      -4.58921903e+02      -6.30747210e+02       1.71825307e+02
      2.47000000e+01      -4.58921973e+02      -6.31541395e+02       1.72619421e+02
      2.48000000e+01      -4.58921280e+02      -6.26966789e+02       1.68045509e+02
      2.49000000e+01      -4.58918732e+02      -6.08100444e+02       1.49181712e+02
      2.50000000e+01      -4.58920178e+02      -6.27866641e+02       1.68946463e+02
      2.51000000e+01      -4.58920658e+02      -6.35433789e+02       1.76513131e+02
      2.52000000e+01      -4.58918688e+02      -6.14169041e+02       1.55250352e+02
      2.53000000e+01      -4.58920141e+02      -6.22795555e+02       1.63875414e+02
      2.54000000e+01      -4.58919343e+02      -6.17486160e+02       1.58566817e+02
      2.55000000e+01      -4.58918590e+02      -6.20753655e+02       1.61835065e+02
      2.56000000e+01      -4.58920432e+02      -6.37360231e+02       1.78439799e+02
      2.57000000e+01      -4.58921987e+02      -6.20208362e+02       1.61286375e+02
      2.58000000e+01      -4.58920887e+02      -6.32700170e+02       1.73779282e+02
      2.59000000e+01      -4.58920195e+02      -6.20553322e+02       1.61633127e+02
      2.60000000e+01      -4.58919404e+02      -6.27835345e+02       1.68915941e+02
      2.61000000e+01      -4.58920621e+02      -6.14329344e+02       1.55408723e+02
      2.62000000e+01      -4.58921537e+02      -6.28730980e+02       1.69809443e+02
      2.63000000e+01      -4.58918967e+02      -6.29994070e+02       1.71075103e+02
      2.64000000e+01      -4.58918217e+02      -6.07093185e+02       1.48174968e+02
      2.65000000e+01      -4.58919368e+02      -6.29657495e+02       1.70738126e+02
      2.66000000e+01      -4.58917531e+02      -6.21092636e+02       1.62175104e+02
      2.67000000e+01      -4.58918043e+02      -6.21137104e+02       1.62219060e+02
      2.68000000e+01      -4.58919635e+02      -6.22193872e+02       1.63274237e+02
      2.69000000e+01      -4.58919792e+02      -6.30788655e+02       1.71868864e+02
      2.70000000e+01      -4.58918714e+02      -6.20115468e+02       1.61196754e+02
      2.71000000e+01      -4.58917464e+02      -6.25861949e+02       1.66944485e+02
      2.72000000e+01      -4.58921163e+02      -6.42138344e+02       1.83217181e+02
      2.73000000e+01      -4.58917967e+02      -6.24233855e+02       1.65315888e+02
      2.74000000e+01      -4.58915531e+02      -6.08649861e+02       1.49734330e+02
      2.75000000e+01      -4.58920878e+02      -6.20025551e+02       1.61104674e+02
      2.76000000e+01      -4.58921514e+02      -6.25981031e+02       1.67059517e+02
      2.77000000e+01      -4.58920830e+02      -6.40786122e+02       1.81865292e+02
      2.78000000e+01      -4.58917618e+02      -6.23337193e+02       1.64419575e+02
      2.79000000e+01      -4.58920268e+02      -6.38299646e+02       1.79379378e+02
      2.80000000e+01      -4.58921537e+02      -6.31846876e+02       1.72925338e+02
      2.81000000e+01      -4.58919623e+02      -6.26450331e+02       1.67530708e+02
      2.82000000e+01      -4.58918658e+02      -6.22251414e+02       1.63332756e+02
      2.83000000e+01      -4.58921068e+02      -6.38243475e+02       1.79322407e+02
      2.84000000e+01      -4.58919238e+02      -6.31038533e+02       1.72119295e+02
      2.85000000e+01      -4.58917964e+02      -6.23593749e+02       1.64675785e+02
      2.86000000e+01      -4.58919866e+02      -6.32106872e+02       1.73187006e+02
      2.87000000e+01      -4.58920628e+02      -6.30135221e+02       1.71214593e+02
      2.88000000e+01      -4.58921733e+02      -6.18003600e+02       1.59081867e+02
      2.89000000e+01      -4.58921276e+02      -6.23338414e+02       1.64417138e+02
      2.90000000e+01      -4.58919700e+02      -6.18478794e+02       1.59559095e+02
      2.91000000e+01      -4.58921020e+02      -6.39400770e+02       1.80479750e+02
      2.92000000e+01      -4.58922772e+02      -6.33250177e+02       1.74327405e+02
      2.93000000e+01      -4.58921931e+02      -6.29594432e+02       1.70672501e+02
      2.94000000e+01      -4.58920765e+02      -6.11615672e+02       1.52694907e+02
      2.95000000e+01      -4.58923349e+02      -6.27395619e+02       1.68472271e+02
      2.96000000e+01      -4.58921473e+02      -6.18200350e+02       1.59278877e+02
      2.97000000e+01      -4.58923087e+02      -6.14254903e+02       1.55331816e+02
      2.98000000e+01      -4.58922245e+02      -6.22457005e+02       1.63534760e+02
      2.99000000e+01      -4.58922868e+02      -6.11731417e+02       1.52808549e+02
      3.00000000e+01      -4.58924921e+02      -6.34049439e+02       1.75124518e+02
      3.01000000e+01      -4.58923871e+02      -6.35180671e+02       1.76256800e+02
      3.02000000e+01      -4.58922440e+02      -6.27331185e+02       1.68408745e+02
      3.03000000e+01      -4.58921312e+02      -6.26465040e+02       1.67543729e+02
      3.04000000e+01      -4.58922205e+02      -6.20189439e+02       1.61267234e+02
      3.05000000e+01      -4.58922612e+02      -6.22401097e+02       1.63478484e+02
      3.06000000e+01      -4.58922375e+02      -6.21456641e+02       1.62534267e+02
      3.07000000e+01      -4.58920001e+02      -6.08298960e+02       1.49378959e+02
      3.08000000e+01      -4.58920766e+02      -6.19121341e+02       1.60200575e+02
      3.09000000e+01      -4.58921154e+02      -6.20017284e+02       1.61096130e+02
      3.10000000e+01      -4.58922351e+02      -6.31455835e+02       1.72533484e+02
      3.11000000e+01      -4.58921526e+02      -6.26588589e+02       1.67667063e+02
      3.12000000e+01      -4.58921196e+02      -6.20041346e+02       1.61120151e+02
      3.13000000e+01      -4.58922719e+02      -6.27351826e+02       1.68429108e+02
      3.14000000e+01      -4.58922206e+02      -6.30051746e+02       1.71129540e+02
      3.15000000e+01      -4.58921706e+02      -6.22947845e+02       1.64026139e+02
      3.16000000e+01      -4.58922994e+02      -6.28138246e+02       1.69215252e+02
      3.17000000e+01      -4.58923241e+02      -6.17580713e+02       1.58657472e+02
      3.18000000e+01      -4.58922238e+02      -6.22548411e+02       1.63626174e+02
      3.19000000e+01      -4.58921495e+02      -6.22878807e+02       1.63957312e+02
      3.20000000e+01      -4.58922965e+02      -6.26972065e+02       1.68049100e+02
      3.21000000e+01      -4.58920327e+02      -6.05751775e+02       1.46831448e+02
      3.22000000e+01      -4.58922502e+02      -6.30171036e+02       1.71248534e+02
      3.23000000e+01      -4.58923310e+02      -6.33095629e+02       1.74172319e+02
      3.24000000e+01      -4.58925296e+02      -6.29642300e+02       1.70717004e+02
      3.25000000e+01      -4.58922128e+02      -6.21429892e+02       1.62507764e+02
      3.26000000e+01      -4.58922717e+02      -6.23200543e+02       1.64277826e+02
      3.27000000e+01      -4.58924073e+02      -6.37645436e+02       1.78721363e+02
      3.28000000e+01      -4.58923324e+02      -6.29204547e+02       1.70281223e+02
      3.29000000e+01      -4.58921789e+02      -6.33693351e+02       1.74771561e+02
      3.30000000e+01      -4.58923326e+02      -6.29816053e+02       1.70892727e+02
      3.31000000e+01      -4.58923720e+02      -6.23614538e+02       1.64690818e+02
      3.32000000e+01      -4.58923002e+02      -6.23086656e+02       1.64163653e+02
      3.33000000e+01      -4.58923517e+02      -6.28959737e+02       1.70036220e+02
      3.34000000e+01      -4.58922846e+02      -6.36038251e+02       1.77115405e+02
      3.35000000e+01      -4.58922771e+02      -6.23537940e+02       1.64615169e+02
      3.36000000e+01      -4.58921709e+02      -6.21683110e+02       1.62761401e+02
      3.37000000e+01      -4.58921790e+02      -6.27894248e+02       1.68972458e+02
      3.38000000e+01      -4.58921622e+02      -6.25968675e+02       1.67047053e+02
      3.39000000e+01      -4.58921372e+02      -6.29179878e+02       1.70258506e+02
      3.40000000e+01      -4.58922720e+02      -6.24964556e+02       1.66041836e+02
      3.41000000e+01      -4.58924690e+02      -6.17659421e+02       1.58734731e+02
      3.42000000e+01      -4.58920618e+02      -6.24990551e+02       1.66069933e+02
      3.43000000e+01      -4.58922151e+02      -6.28640411e+02       1.69718260e+02
      3.44000000e+01      -4.58920943e+02      -6.24374218e+02       1.65453275e+02
      3.45000000e+01      -4.58922125e+02      -6.36547271e+02       1.77625145e+02
      3.46000000e+01      -4.58920951e+02      -6.29151662e+02       1.70230712e+02
      3.47000000e+01      -4.58921365e+02      -6.32776019e+02       1.73854653e+02
      3.48000000e+01      -4.58920757e+02      -6.12783304e+02       1.53862547e+02
      3.49000000e+01      -4.58922488e+02      -6.31224098e+02       1.72301611e+02
      3.50000000e+01      -4.58920951e+02      -6.35657214e+02       1.76736263e+02
      3.51000000e+01      -4.58923667e+02      -6.24027870e+02       1.65104203e+02
      3.52000000e+01      -4.58923525e+02      -6.31565339e+02       1.72641813e+02
      3.53000000e+01      -4.58921727e+02      -6.30699913e+02       1.71778186e+02
      3.54000000e+01      -4.58921619e+02      -6.26522181e+02       1.67600562e+02
      3.55000000e+01      -4.58924116e+02      -6.29229952e+02       1.70305836e+02
      3.56000000e+01      -4.58921745e+02      -6.16369299e+02       1.57447554e+02
      3.57000000e+01      -4.58924115e+02      -6.33849072e+02       1.74924957e+02
      3.58000000e+01      -4.58925568e+02      -6.27440916e+02       1.68515347e+02
      3.59000000e+01      -4.58923450e+02      -6.13799054e+02       1.54875603e+02
      3.60000000e+01      -4.58923911e+02      -6.23422250e+02       1.64498340e+02
      3.61000000e+01      -4.58925645e+02      -6.25268259e+02       1.66342615e+02
      3.62000000e+01      -4.58925206e+02      -6.34462624e+02       1.75537418e+02
      3.63000000e+01      -4.58925335e+02      -6.31905367e+02       1.72980032e+02
      3.64000000e+01      -4.58925415e+02      -6.34850534e+02       1.75925119e+02
      3.65000000e+01      -4.58925510e+02      -6.29105377e+02       1.70179867e+02
      3.66000000e+01      -4.58923322e+02      -6.31388237e+02       1.72464914e+02
      3.67000000e+01      -4.58923181e+02      -6.25752374e+02       1.66829194e+02
      3.68000000e+01      -4.58923424e+02      -6.32487749e+02       1.73564325e+02
      3.69000000e+01      -4.58923280e+02      -6.24356973e+02       1.65433694e+02
      3.70000000e+01      -4.58924081e+02      -6.30644394e+02       1.71720312e+02
      3.71000000e+01      -4.58920249e+02      -6.26846525e+02       1.67926276e+02
      3.72000000e+01      -4.58920603e+02      -6.19961019e+02       1.61040416e+02
      3.73000000e+01      -4.58921168e+02      -6.42251406e+02       1.83330239e+02
      3.74000000e+01      -4.58922098e+02      -6.23238885e+02       1.64316787e+02
      3.75000000e+01      -4.58922693e+02      -6.39738790e+02       1.80816097e+02
      3.76000000e+01      -4.58923167e+02      -6.41076786e+02       1.82153619e+02
      3.77000000e+01      -4.58922850e+02      -6.22118712e+02       1.63195862e+02
      3.78000000e+01      -4.58922308e+02      -6.25306513e+02       1.66384204e+02
      3.79000000e+01      -4.58921156e+02      -6.17401759e+02       1.58480603e+02
      3.80000000e+01      -4.58922022e+02      -6.12373890e+02       1.53451867e+02
      3.81000000e+01      -4.58921566e+02      -6.27160227e+02       1.68238661e+02
      3.82000000e+01      -4.58922330e+02      -6.33772961e+02       1.74850631e+02
      3.83000000e+01      -4.58921441e+02      -6.33000751e+02       1.74079311e+02
      3.84000000e+01      -4.58919557e+02      -6.32512610e+02       1.73593053e+02
      3.85000000e+01      -4.58920992e+02      -6.30283090e+02       1.71362098e+02
      3.86000000e+01      -4.58921466e+02      -6.33068975e+02       1.74147509e+02
      3.87000000e+01      -4.58922473e+02      -6.23449965e+02       1.64527492e+02
      3.88000000e+01      -4.58921307e+02      -6.26753213e+02       1.67831906e+02
      3.89000000e+01      -4.58918941e+02      -6.18548125e+02       1.59629184e+02
      3.90000000e+01      -4.58919083e+02      -6.27739494e+02       1.68820411e+02
      3.91000000e+01      -4.58920095e+02      -6.30120652e+02       1.71200557e+02
      3.92000000e+01      -4.58921602e+02      -6.45047813e+02       1.86126211e+02
      3.93000000e+01      -4.58921011e+02      -6.28409647e+02       1.69488636e+02
      3.94000000e+01      -4.58918775e+02      -6.27990153e+02       1.69071378e+02
      3.95000000e+01      -4.58919002e+02      -6.24020535e+02       1.65101533e+02
      3.96000000e+01      -4.58918093e+02      -6.24254213e+02       1.65336120e+02
      3.97000000e+01      -4.58920604e+02      -6.34059509e+02       1.75138905e+02
      3.98000000e+01      -4.58918143e+02      -6.17845988e+02       1.58927846e+02
      3.99000000e+01      -4.58919854e+02      -6.15162251e+02       1.56242397e+02
      4.00000000e+01      -4.58920605e+02      -6.24058227e+02       1.65137622e+02
      4.01000000e+01      -4.58922675e+02      -6.27773084e+02       1.68850409e+02
      4.02000000e+01      -4.58921226e+02      -6.37767472e+02       1.78846246e+02
      4.03000000e+01      -4.58919653e+02      -6.15477246e+02       1.56557593e+02
      4.04000000e+01      -4.58918972e+02      -6.07780052e+02       1.48861079e+02
      4.05000000e+01      -4.58917028e+02      -6.20526796e+02       1.61609768e+02
      4.06000000e+01      -4.58918608e+02      -6.16300430e+02       1.57381823e+02
      4.07000000e+01      -4.58917520e+02      -6.13620492e+02       1.54702973e+02
      4.08000000e+01      -4.58921138e+02      -6.31757372e+02       1.72836234e+02
      4.09000000e+01      -4.58918747e+02      -6.09683496e+02       1.50764749e+02
      4.10000000e+01      -4.58918506e+02      -6.10026555e+02       1.51108049e+02
      4.11000000e+01      -4.58918860e+02      -6.28998989e+02       1.70080129e+02
      4.12000000e+01      -4.58919826e+02      -6.23951840e+02       1.65032015e+02
      4.13000000e+01      -4.58918465e+02      -6.23662210e+02       1.64743745e+02
      4.14000000e+01      -4.58918181e+02      -6.23690015e+02       1.64771834e+02
      4.15000000e+01      -4.58919956e+02      -6.38830044e+02       1.79910089e+02
      4.16000000e+01      -4.58917959e+02      -6.17434577e+02       1.58516618e+02
      4.17000000e+01      -4.58916628e+02      -6.18531340e+02       1.59614712e+02
      4.18000000e+01      -4.58918556e+02      -6.27130707e+02       1.68212151e+02
      4.19000000e+01      -4.58920147e+02      -6.27992278e+02       1.69072131e+02
      4.20000000e+01      -4.58918676e+02      -6.29246852e+02       1.70328176e+02
      4.21000000e+01      -4.58920542e+02      -6.37062206e+02       1.78141664e+02
      4.22000000e+01      -4.58917831e+02      -6.18794858e+02       1.59877028e+02
      4.23000000e+01      -4.58918537e+02      -6.22305474e+02       1.63386936e+02
      4.24000000e+01      -4.58921531e+02      -6.16138550e+02       1.57217019e+02
      4.25000000e+01      -4.58921001e+02      -6.34145015e+02       1.75224014e+02
      4.26000000e+01      -4.58920368e+02      -6.24207146e+02       1.65286779e+02
      4.27000000e+01      -4.58920107e+02      -6.30120738e+02       1.71200631e+02
      4.28000000e+01      -4.58920585e+02      -6.23786333e+02       1.64865748e+02
      4.29000000e+01      -4.58924392e+02      -6.32332915e+02       1.73408522e+02
      4.30000000e+01      -4.58921851e+02      -6.24165601e+02       1.65243750e+02
      4.31000000e+01      -4.58922594e+02      -6.34937742e+02       1.76015148e+02
      4.32000000e+01      -4.58922814e+02      -6.23453418e+02       1.64530604e+02
      4.33000000e+01      -4.58922572e+02      -6.24603589e+02       1.65681017e+02
      4.34000000e+01      -4.58922857e+02      -6.25555107e+02       1.66632249e+02
      4.35000000e+01      -4.58921045e+02      -6.14331366e+02       1.55410321e+02
      4.36000000e+01      -4.58923304e+02      -6.40809827e+02       1.81886523e+02
      4.37000000e+01      -4.58920945e+02      -6.27857757e+02       1.68936812e+02
      4.38000000e+01      -4.58922973e+02      -6.31203985e+02       1.72281013e+02
      4.39000000e+01      -4.58922524e+02      -6.22937808e+02       1.64015284e+02
      4.40000000e+01      -4.58923829e+02      -6.32861265e+02       1.73937436e+02
      4.41000000e+01      -4.58922193e+02      -6.13245215e+02       1.54323022e+02
      4.42000000e+01      -4.58923232e+02      -6.22631571e+02       1.63708340e+02
      4.43000000e+01      -4.58923218e+02      -6.18649650e+02       1.59726432e+02
      4.44000000e+01      -4.58925602e+02      -6.15806596e+02       1.56880994e+02
      4.45000000e+01      -4.58923413e+02      -6.10618514e+02       1.51695100e+02
      4.46000000e+01      -4.58923599e+02      -6.29882811e+02       1.70959212e+02
      4.47000000e+01      -4.58923962e+02      -6.30609090e+02       1.71685128e+02
      4.48000000e+01      -4.58923467e+02      -6.22833646e+02       1.63910180e+02
      4.49000000e+01      -4.58923457e+02      -6.36684930e+02       1.77761473e+02
      4.50000000e+01      -4.58923378e+02      -6.25606985e+02       1.66683608e+02
      4.51000000e+01      -4.58925939e+02      -6.41260762e+02       1.82334823e+02
      4.52000000e+01      -4.58921142e+02      -6.12014130e+02       1.53092988e+02
      4.53000000e+01      -4.58920172e+02      -6.10976242e+02       1.52056070e+02
      4.54000000e+01      -4.58922470e+02      -6.17690468e+02       1.58767998e+02
      4.55000000e+01      -4.58923128e+02      -6.34849498e+02       1.75926369e+02
      4.56000000e+01      -4.58922049e+02      -6.13681583e+02       1.54759533e+02
      4.57000000e+01      -4.58923671e+02      -6.18930882e+02       1.60007212e+02
      4.58000000e+01      -4.58924248e+02      -6.28005166e+02       1.69080919e+02
      4.59000000e+01      -4.58921945e+02      -6.20371636e+02       1.61449691e+02
      4.60000000e+01      -4.58920705e+02      -6.05095607e+02       1.46174902e+02
      4.61000000e+01      -4.58920863e+02      -6.10977967e+02       1.52057104e+02
      4.62000000e+01      -4.58922515e+02      -6.33252261e+02       1.74329746e+02
      4.63000000e+01      -4.58922337e+02      -6.30339858e+02       1.71417521e+02
      4.64000000e+01      -4.58924530e+02      -6.25499525e+02       1.66574995e+02
      4.65000000e+01      -4.58923006e+02      -6.15362441e+02       1.56439435e+02
      4.66000000e+01      -4.58924585e+02      -6.45423223e+02       1.86498637e+02
      4.67000000e+01      -4.58923376e+02      -6.32629030e+02       1.73705654e+02
      4.68000000e+01      -4.58923376e+02      -6.36850216e+02       1.77926840e+02
      4.69000000e+01      -4.58922769e+02      -6.20768492e+02       1.61845723e+02
      4.70000000e+01      -4.58921720e+02      -6.26221358e+02       1.67299638e+02
      4.71000000e+01      -4.58920908e+02      -6.03514519e+02       1.44593611e+02
      4.72000000e+01      -4.58924881e+02      -6.33248344e+02       1.74323464e+02
      4.73000000e+01      -4.58925474e+02      -6.27043211e+02       1.68117737e+02
      4.74000000e+01      -4.58926443e+02      -6.21580540e+02       1.62654096e+02
      4.75000000e+01      -4.58925634e+02      -6.24316726e+02       1.65391091e+02
      4.76000000e+01      -4.58924051e+02      -6.20446696e+02       1.61522645e+02
      4.77000000e+01      -4.58924159e+02      -6.26806691e+02       1.67882532e+02
      4.78000000e+01      -4.58926914e+02      -6.13480204e+02       1.54553290e+02
      4.79000000e+01      -4.58925007e+02      -6.26700900e+02       1.67775893e+02
      4.80000000e+01      -4.58925645e+02      -6.21725104e+02       1.62799459e+02
      4.81000000e+01      -4.58923716e+02      -6.21769908e+02       1.62846192e+02
      4.82000000e+01      -4.58925062e+02      -6.20156414e+02       1.61231353e+02
      4.83000000e+01      -4.58923162e+02      -6.22517191e+02       1.63594029e+02
      4.84000000e+01      -4.58921779e+02      -6.24821000e+02       1.65899221e+02
      4.85000000e+01      -4.58923763e+02      -6.33961007e+02       1.75037244e+02
      4.86000000e+01      -4.58924599e+02      -6.24926512e+02       1.66001913e+02
      4.87000000e+01      -4.58924464e+02      -6.32567606e+02       1.73643142e+02
      4.88000000e+01      -4.58923406e+02      -6.17008086e+02       1.58084681e+02
      4.89000000e+01      -4.58923225e+02      -6.10783135e+02       1.51859909e+02
      4.90000000e+01      -4.58925509e+02      -6.28400632e+02       1.69475123e+02
      4.91000000e+01      -4.58922893e+02      -6.32535451e+02       1.73612557e+02
      4.92000000e+01      -4.58923407e+02      -6.20378557e+02       1.61455150e+02
      4.93000000e+01      -4.58922504e+02      -6.17369983e+02       1.58447479e+02
      4.94000000e+01      -4.58923453e+02      -6.08957340e+02       1.50033887e+02
      4.95000000e+01      -4.58923849e+02      -6.27089734e+02       1.68165885e+02
      4.96000000e+01      -4.58922231e+02      -6.18246600e+02       1.59324369e+02
      4.97000000e+01      -4.58922963e+02      -6.27980348e+02       1.69057385e+02
      4.98000000e+01      -4.58922180e+02      -6.22712981e+02       1.63790801e+02
      4.99000000e+01      -4.58922656e+02      -6.13491506e+02       1.54568850e+02
      5.00000000e+01      -4.58922435e+02      -6.18363098e+02       1.59440663e+02
      5.01000000e+01      -4.58924691e+02      -6.16040532e+02       1.57115842e+02
      5.02000000e+01      -4.58923580e+02      -6.34412186e+02       1.75488606e+02
      5.03000000e+01      -4.58923314e+02      -6.15191133e+02       1.56267819e+02
      5.04000000e+01      -4.58924057e+02      -6.17802450e+02       1.58878393e+02
      5.05000000e+01      -4.58926555e+02      -6.34416914e+02       1.75490359e+02
      5.06000000e+01      -4.58924180e+02      -6.31731314e+02       1.72807134e+02
      5.07000000e+01      -4.58925286e+02      -6.31113157e+02       1.72187871e+02
      5.08000000e+01      -4.58926294e+02      -6.25650057e+02       1.66723762e+02
      5.09000000e+01      -4.58925581e+02      -6.40561013e+02       1.81635432e+02
      5.10000000e+01      -4.58924226e+02      -6.25534560e+02       1.66610333e+02
      5.11000000e+01      -4.58923488e+02      -6.21881811e+02       1.62958323e+02
      5.12000000e+01      -4.58920718e+02      -6.15873863e+02       1.56953144e+02
      5.13000000e+01      -4.58922815e+02      -6.16685284e+02       1.57762469e+02
      5.14000000e+01      -4.58925130e+02      -6.26262533e+02       1.67337403e+02
      5.15000000e+01      -4.58923446e+02      -6.20389187e+02       1.61465741e+02
      5.16000000e+01      -4.58923608e+02      -6.25790649e+02       1.66867041e+02
      5.17000000e+01      -4.58925450e+02      -6.37136525e+02       1.78211075e+02
      5.18000000e+01      -4.58922944e+02      -6.16793128e+02       1.57870184e+02
      5.19000000e+01      -4.58920673e+02      -6.05758886e+02       1.46838213e+02
      5.20000000e+01      -4.58924989e+02      -6.16542394e+02       1.57617405e+02
      5.21000000e+01      -4.58924237e+02      -6.22311778e+02       1.63387541e+02
      5.22000000e+01      -4.58924740e+02      -6.17102269e+02       1.58177529e+02
      5.23000000e+01      -4.58927287e+02      -6.32905694e+02       1.73978407e+02
      5.24000000e+01      -4.58924800e+02      -6.17534015e+02       1.58609215e+02
      5.25000000e+01      -4.58927175e+02      -6.25746854e+02       1.66819679e+02
      5.26000000e+01      -4.58926481e+02      -6.34560391e+02       1.75633910e+02
      5.27000000e+01      -4.58926947e+02      -6.32024448e+02       1.73097501e+02
      5.28000000e+01      -4.58925206e+02      -6.28035394e+02       1.69110187e+02
      5.29000000e+01      -4.58925671e+02      -6.17971820e+02       1.59046150e+02
      5.30000000e+01      -4.58926368e+02      -6.36109239e+02       1.77182872e+02
      5.31000000e+01      -4.58926927e+02      -6.23611647e+02       1.64684720e+02
      5.32000000e+01      -4.58925373e+02      -6.27207377e+02       1.68282005e+02
      5.33000000e+01      -4.58926436e+02      -6.36770249e+02       1.77843813e+02
      5.34000000e+01      -4.58924756e+02      -6.20143462e+02       1.61218706e+02
      5.35000000e+01      -4.58925531e+02      -6.24359285e+02       1.65433754e+02
      5.36000000e+01      -4.58925868e+02      -6.22045209e+02       1.63119341e+02
      5.37000000e+01      -4.58927112e+02      -6.34953166e+02       1.76026054e+02
      5.38000000e+01      -4.58926661e+02      -6.36484898e+02       1.77558238e+02
      5.39000000e+01      -4.58925117e+02      -6.23817501e+02       1.64892384e+02
      5.40000000e+01      -4.58925004e+02      -6.25869887e+02       1.66944883e+02
      5.41000000e+01      -4.58926241e+02      -6.29770462e+02       1.70844220e+02
      5.42000000e+01      -4.58925081e+02      -6.14323491e+02       1.55398411e+02
      5.43000000e+01      -4.58924011e+02      -6.38001982e+02       1.79077970e+02
      5.44000000e+01      -4.58924629e+02      -6.28949902e+02       1.70025273e+02
      5.45000000e+01      -4.58925637e+02      -6.24223263e+02       1.65297626e+02
      5.46000000e+01      -4.58924642e+02      -6.19338432e+02       1.60413790e+02
      5.47000000e+01      -4.58924377e+02      -6.37879299e+02       1.78954922e+02
      5.48000000e+01      -4.58926122e+02      -6.35889149e+02       1.76963027e+02
      5.49000000e+01      -4.58925356e+02      -6.29887285e+02       1.70961928e+02
      5.50000000e+01      -4.58926264e+02      -6.22380346e+02       1.63454082e+02
      5.51000000e+01      -4.58925115e+02      -6.25125061e+02       1.66199946e+02
      5.52000000e+01      -4.58923911e+02      -6.18597960e+02       1.59674049e+02
      5.53000000e+01      -4.58925093e+02      -6.14866004e+02       1.55940912e+02
      5.54000000e+01      -4.58925541e+02      -6.24090270e+02       1.65164728e+02
      5.55000000e+01      -4.58927074e+02      -6.22658490e+02       1.63731415e+02
      5.56000000e+01      -4.58924894e+02      -6.18459399e+02       1.59534505e+02
      5.57000000e+01      -4.58924458e+02      -6.24391581e+02       1.65467124e+02
      5.58000000e+01      -4.58926090e+02      -6.30411811e+02       1.71485721e+02
      5.59000000e+01      -4.58924647e+02      -6.16331508e+02       1.57406860e+02
      5.60000000e+01      -4.58923924e+02      -6.17843257e+02       1.58919333e+02
      5.61000000e+01      -4.58925004e+02      -6.17834592e+02       1.58909589e+02
      5.62000000e+01      -4.58924663e+02      -6.27324871e+02       1.68400208e+02
      5.63000000e+01      -4.58924482e+02      -6.20357882e+02       1.61433400e+02
      5.64000000e+01      -4.58922837e+02      -6.11044281e+02       1.52121444e+02
      5.65000000e+01      -4.58924116e+02      -6.29049096e+02       1.70124980e+02
      5.66000000e+01      -4.58923402e+02      -6.22522589e+02       1.63599187e+02
      5.67000000e+01      -4.58924143e+02      -6.23871117e+02       1.64946974e+02
      5.68000000e+01      -4.58922519e+02      -6.21679691e+02       1.62757172e+02
      5.69000000e+01      -4.58925300e+02      -6.16963078e+02       1.58037778e+02
      5.70000000e+01      -4.58924060e+02      -6.16851427e+02       1.57927367e+02
      5.71000000e+01      -4.58923329e+02      -6.15009240e+02       1.56085910e+02
      5.72000000e+01      -4.58923507e+02      -6.25856696e+02       1.66933189e+02
      5.73000000e+01      -4.58923702e+02      -6.35084117e+02       1.76160415e+02
      5.74000000e+01      -4.58921892e+02      -6.21887748e+02       1.62965856e+02
      5.75000000e+01      -4.58924812e+02      -6.12693258e+02       1.53768446e+02
      5.76000000e+01      -4.58924498e+02      -6.25655412e+02       1.66730914e+02
      5.77000000e+01      -4.58924966e+02      -6.34446372e+02       1.75521406e+02
      5.78000000e+01      -4.58925844e+02      -6.34293400e+02       1.75367556e+02
      5.79000000e+01      -4.58924332e+02      -6.31248381e+02       1.72324049e+02
      5.80000000e+01      -4.58922305e+02      -6.26856668e+02       1.67934363e+02
      5.81000000e+01      -4.58923767e+02      -6.41036305e+02       1.82112538e+02
      5.82000000e+01      -4.58923584e+02      -6.26646068e+02       1.67722484e+02
      5.83000000e+01      -4.58924465e+02      -6.18698263e+02       1.59773798e+02
      5.84000000e+01      -4.58923015e+02      -6.27121183e+02       1.68198169e+02
      5.85000000e+01      -4.58921610e+02      -6.17118498e+02       1.58196887e+02
      5.86000000e+01      -4.58924174e+02      -6.19873408e+02       1.60949234e+02
      5.87000000e+01      -4.58924115e+02      -6.29192535e+02       1.70268420e+02
      5.88000000e+01      -4.58922337e+02      -6.40804032e+02       1.81881695e+02
      5.89000000e+01      -4.58923220e+02      -6.22073085e+02       1.63149865e+02
      5.90000000e+01      -4.58923488e+02      -6.16305969e+02       1.57382481e+02
      5.91000000e+01      -4.58921810e+02      -6.14618595e+02       1.55696785e+02
      5.92000000e+01      -4.58925038e+02      -6.27164903e+02       1.68239865e+02
      5.93000000e+01      -4.58925257e+02      -6.23939830e+02       1.65014573e+02
      5.94000000e+01      -4.58924335e+02      -6.20970754e+02       1.62046419e+02
      5.95000000e+01      -4.58925026e+02      -6.25728651e+02       1.66803625e+02
      5.96000000e+01      -4.58925436e+02      -6.29478037e+02       1.70552601e+02
      5.97000000e+01      -4.58924898e+02      -6.23974722e+02       1.65049824e+02
      5.98000000e+01      -4.58922514e+02      -6.19557382e+02       1.60634868e+02
      5.99000000e+01      -4.58923882e+02      -6.13084244e+02       1.54160363e+02
      6.00000000e+01      -4.58926595e+02      -6.24963398e+02       1.66036803e+02
      6.01000000e+01      -4.58926332e+02      -6.33838999e+02       1.74912667e+02
      6.02000000e+01      -4.58923231e+02      -6.27021880e+02       1.68098649e+02
      6.03000000e+01      -4.58926100e+02      -6.28554611e+02       1.69628511e+02
      6.04000000e+01      -4.58927273e+02      -6.31661035e+02       1.72733762e+02
      6.05000000e+01      -4.58923705e+02      -6.22827486e+02       1.63903781e+02
      6.06000000e+01      -4.58924023e+02      -6.26191551e+02       1.67267528e+02
      6.07000000e+01      -4.58925514e+02      -6.27453533e+02       1.68528019e+02
      6.08000000e+01      -4.58925858e+02      -6.27594363e+02       1.68668505e+02
      6.09000000e+01      -4.58927535e+02      -6.36928653e+02       1.78001118e+02
      6.10000000e+01      -4.58923913e+02      -6.07798814e+02       1.48874901e+02
      6.11000000e+01      -4.58924339e+02      -6.20933398e+02       1.62009059e+02
      6.12000000e+01      -4.58926638e+02      -6.31216034e+02       1.72289396e+02
      6.13000000e+01      -4.58925459e+02      -6.35739494e+02       1.76814036e+02
      6.14000000e+01      -4.58924408e+02      -6.27136437e+02       1.68212029e+02
      6.15000000e+01      -4.58925427e+02      -6.29661059e+02       1.70735632e+02
      6.16000000e+01      -4.58925445e+02      -6.21715987e+02       1.62790542e+02
      6.17000000e+01      -4.58927566e+02      -6.28212719e+02       1.69285154e+02
      6.18000000e+01      -4.58923930e+02      -6.30409205e+02       1.71485275e+02
      6.19000000e+01      -4.58923545e+02      -6.19231930e+02       1.60308386e+02
      6.20000000e+01      -4.58924039e+02      -6.15655939e+02       1.56731900e+02
      6.21000000e+01      -4.58925215e+02      -6.18189536e+02       1.59264321e+02
      6.22000000e+01      -4.58927403e+02      -6.28399196e+02       1.69471793e+02
      6.23000000e+01      -4.58924873e+02      -6.18163522e+02       1.59238649e+02
      6.24000000e+01      -4.58925378e+02      -6.33362394e+02       1.74437016e+02
      6.25000000e+01      -4.58924071e+02      -6.38780236e+02       1.79856165e+02
      6.26000000e+01      -4.58924583e+02      -6.40320554e+02       1.81395970e+02
      6.27000000e+01      -4.58921355e+02      -6.27189190e+02       1.68267835e+02
      6.28000000e+01      -4.58922718e+02      -6.27982606e+02       1.69059887e+02
      6.29000000e+01      -4.58920075e+02      -6.19163977e+02       1.60243903e+02
      6.30000000e+01      -4.58920245e+02      -6.27595808e+02       1.68675563e+02
      6.31000000e+01      -4.58921023e+02      -6.24630065e+02       1.65709042e+02
      6.32000000e+01      -4.58919919e+02      -6.30326625e+02       1.71406706e+02
      6.33000000e+01      -4.58921061e+02      -6.25311457e+02       1.66390396e+02
      6.34000000e+01      -4.58919327e+02      -6.13938574e+02       1.55019247e+02
      6.35000000e+01      -4.58920152e+02      -6.21713921e+02       1.62793769e+02
      6.36000000e+01      -4.58923463e+02      -6.27880374e+02       1.68956912e+02
      6.37000000e+01      -4.58922421e+02      -6.29370890e+02       1.70448470e+02
      6.38000000e+01      -4.58921721e+02      -6.23135540e+02       1.64213819e+02
      6.39000000e+01      -4.58922405e+02      -6.22019190e+02       1.63096784e+02
      6.40000000e+01      -4.58921000e+02      -6.27713548e+02       1.68792548e+02
      6.41000000e+01      -4.58921094e+02      -6.19198715e+02       1.60277620e+02
      6.42000000e+01      -4.58920566e+02      -6.16727671e+02       1.57807105e+02
      6.43000000e+01      -4.58919948e+02      -6.09064913e+02       1.50144966e+02
      6.44000000e+01      -4.58922442e+02      -6.23903703e+02       1.64981261e+02
      6.45000000e+01      -4.58920399e+02      -6.31450252e+02       1.72529853e+02
      6.46000000e+01      -4.58921699e+02      -6.22590911e+02       1.63669212e+02
      6.47000000e+01      -4.58922193e+02      -6.24966798e+02       1.66044604e+02
      6.48000000e+01      -4.58922366e+02      -6.25042766e+02       1.66120399e+02
      6.49000000e+01      -4.58921983e+02      -6.27949257e+02       1.69027274e+02
      6.50000000e+01      -4.58921268e+02      -6.27518412e+02       1.68597144e+02
      6.51000000e+01      -4.58919880e+02      -6.18015589e+02       1.59095709e+02
      6.52000000e+01      -4.58918742e+02      -6.26265813e+02       1.67347071e+02
      6.53000000e+01      -4.58919703e+02      -6.30315803e+02       1.71396100e+02
      6.54000000e+01      -4.58918979e+02      -6.30986605e+02       1.72067626e+02
      6.55000000e+01      -4.58919565e+02      -6.33484345e+02       1.74564780e+02
      6.56000000e+01      -4.58919364e+02      -6.25538301e+02       1.66618937e+02
      6.57000000e+01      -4.58920498e+02      -6.16208298e+02       1.57287799e+02
      6.58000000e+01      -4.58920399e+02      -6.25900827e+02       1.66980428e+02
      6.59000000e+01      -4.58920459e+02      -6.35685635e+02       1.76765176e+02
      6.60000000e+01      -4.58921093e+02      -6.27251837e+02       1.68330744e+02
      6.61000000e+01      -4.58918936e+02      -6.24942196e+02       1.66023259e+02
      6.62000000e+01      -4.58919009e+02      -6.28139825e+02       1.69220815e+02
      6.63000000e+01      -4.58917397e+02      -6.17808129e+02       1.58890732e+02
      6.64000000e+01      -4.58921016e+02      -6.27150163e+02       1.68229147e+02
      6.65000000e+01      -4.58918305e+02      -6.03035405e+02       1.44117099e+02
      6.66000000e+01      -4.58919065e+02      -6.33303400e+02       1.74384335e+02
      6.67000000e+01      -4.58918700e+02      -6.20967122e+02       1.62048423e+02
      6.68000000e+01      -4.58923097e+02      -6.29294054e+02       1.70370958e+02
      6.69000000e+01      -4.58920094e+02      -6.18487343e+02       1.59567250e+02
      6.70000000e+01      -4.58920218e+02      -6.23888419e+02       1.64968201e+02
      6.71000000e+01      -4.58920999e+02      -6.32476772e+02       1.73555773e+02
      6.72000000e+01      -4.58919594e+02      -6.19978036e+02       1.61058441e+02
      6.73000000e+01      -4.58919387e+02      -6.27010909e+02       1.68091522e+02
      6.74000000e+01      -4.58919360e+02      -6.25450391e+02       1.66531031e+02
      6.75000000e+01      -4.58918319e+02      -6.27704820e+02       1.68786501e+02
      6.76000000e+01      -4.58920198e+02      -6.35726793e+02       1.76806596e+02
      6.77000000e+01      -4.58919873e+02      -6.29489870e+02       1.70569997e+02
      6.78000000e+01      -4.58920809e+02      -6.39290292e+02       1.80369483e+02
      6.79000000e+01      -4.58920940e+02      -6.26791048e+02       1.67870108e+02
      6.80000000e+01      -4.58921727e+02      -6.23958786e+02       1.65037059e+02
      6.81000000e+01      -4.58921019e+02      -6.25074219e+02       1.66153200e+02
      6.82000000e+01      -4.58923001e+02      -6.32126825e+02       1.73203824e+02
      6.83000000e+01      -4.58924286e+02      -6.35578902e+02       1.76654615e+02
      6.84000000e+01      -4.58922161e+02      -6.34569144e+02       1.75646984e+02
      6.85000000e+01      -4.58920101e+02      -6.13543908e+02       1.54623807e+02
      6.86000000e+01      -4.58921745e+02      -6.31985111e+02       1.73063366e+02
      6.87000000e+01      -4.58922009e+02      -6.22141017e+02       1.63219008e+02
      6.88000000e+01      -4.58918285e+02      -6.18603005e+02       1.59684720e+02
      6.89000000e+01      -4.58920643e+02      -6.22726371e+02       1.63805728e+02
      6.90000000e+01      -4.58921386e+02      -6.22185039e+02       1.63263653e+02
      6.91000000e+01      -4.58922302e+02      -6.05582343e+02       1.46660041e+02
      6.92000000e+01      -4.58922866e+02      -6.25342671e+02       1.66419804e+02
      6.93000000e+01      -4.58921561e+02      -6.22655614e+02       1.63734053e+02
      6.94000000e+01      -4.58922965e+02      -6.35485775e+02       1.76562810e+02
      6.95000000e+01      -4.58923092e+02      -6.36536211e+02       1.77613119e+02
      6.96000000e+01      -4.58921902e+02      -6.12359162e+02       1.53437260e+02
      6.97000000e+01      -4.58923665e+02      -6.20567227e+02       1.61643562e+02
      6.98000000e+01      -4.58922205e+02      -6.27535767e+02       1.68613562e+02
      6.99000000e+01      -4.58921142e+02      -6.28915865e+02       1.69994724e+02
      7.00000000e+01      -4.58923326e+02      -6.37112278e+02       1.78188952e+02
      7.01000000e+01      -4.58922142e+02      -6.25758857e+02       1.66836715e+02
      7.02000000e+01      -4.58923123e+02      -6.35181996e+02       1.76258873e+02
      7.03000000e+01      -4.58923496e+02      -6.15695854e+02       1.56772358e+02
      7.04000000e+01      -4.58922784e+02      -6.26455608e+02       1.67532824e+02
      7.05000000e+01      -4.58921607e+02      -6.23633691e+02       1.64712084e+02
      7.06000000e+01      -4.58924629e+02      -6.24974157e+02       1.66049528e+02
      7.07000000e+01      -4.58924695e+02      -6.21057889e+02       1.62133193e+02
      7.08000000e+01      -4.58924318e+02      -6.27803732e+02       1.68879414e+02
      7.09000000e+01      -4.58926097e+02      -6.38879288e+02       1.79953191e+02
      7.10000000e+01      -4.58923475e+02      -6.21623541e+02       1.62700066e+02
      7.11000000e+01      -4.58923514e+02      -6.23502954e+02       1.64579440e+02
      7.12000000e+01      -4.58923204e+02      -6.15322774e+02       1.56399570e+02
      7.13000000e+01      -4.58923465e+02      -6.25232902e+02       1.66309437e+02
      7.14000000e+01      -4.58923872e+02      -6.24984246e+02       1.66060373e+02
      7.15000000e+01      -4.58925176e+02      -6.16868462e+02       1.57943285e+02
      7.16000000e+01      -4.58923622e+02      -6.17392306e+02       1.58468684e+02
      7.17000000e+01      -4.58923039e+02      -6.28373085e+02       1.69450046e+02
      7.18000000e+01      -4.58924929e+02      -6.26487919e+02       1.67562990e+02
      7.19000000e+01      -4.58926759e+02      -6.16929709e+02       1.58002949e+02
      7.20000000e+01      -4.58924489e+02      -6.24540172e+02       1.65615683e+02
      7.21000000e+01      -4.58925796e+02      -6.23509155e+02       1.64583359e+02
      7.22000000e+01      -4.58925624e+02      -6.19725317e+02       1.60799693e+02
      7.23000000e+01      -4.58924288e+02      -6.10630015e+02       1.51705727e+02
      7.24000000e+01      -4.58926066e+02      -6.37268085e+02       1.78342019e+02
      7.25000000e+01      -4.58925592e+02      -6.31990630e+02       1.73065037e+02
      7.26000000e+01      -4.58924849e+02      -6.21390825e+02       1.62465975e+02
      7.27000000e+01      -4.58925831e+02      -6.32144873e+02       1.73219042e+02
      7.28000000e+01      -4.58924620e+02      -6.25478777e+02       1.66554157e+02
      7.29000000e+01      -4.58924316e+02      -6.28541423e+02       1.69617107e+02
      7.30000000e+01      -4.58926330e+02      -6.38889564e+02       1.79963234e+02
      7.31000000e+01      -4.58922718e+02      -6.13552481e+02       1.54629763e+02
      7.32000000e+01      -4.58922849e+02      -6.24113452e+02       1.65190602e+02
      7.33000000e+01      -4.58926044e+02      -6.19783062e+02       1.60857018e+02
      7.34000000e+01      -4.58925091e+02      -6.27023048e+02       1.68097957e+02
      7.35000000e+01      -4.58928291e+02      -6.40342218e+02       1.81413927e+02
      7.36000000e+01      -4.58927053e+02      -6.24918592e+02       1.65991539e+02
      7.37000000e+01      -4.58926314e+02      -6.31203161e+02       1.72276846e+02
      7.38000000e+01      -4.58925768e+02      -6.11155895e+02       1.52230126e+02
      7.39000000e+01      -4.58928138e+02      -6.21652902e+02       1.62724764e+02
      7.40000000e+01      -4.58926664e+02      -6.31549967e+02       1.72623303e+02
      7.41000000e+01      -4.58926759e+02      -6.25465979e+02       1.66539220e+02
      7.42000000e+01      -4.58926274e+02      -6.16577429e+02       1.57651155e+02
      7.43000000e+01      -4.58925403e+02      -6.14511595e+02       1.55586192e+02
      7.44000000e+01      -4.58926063e+02      -6.18698080e+02       1.59772017e+02
      7.45000000e+01      -4.58926699e+02      -6.22497470e+02       1.63570771e+02
      7.46000000e+01      -4.58926940e+02      -6.30295942e+02       1.71369001e+02
      7.47000000e+01      -4.58927824e+02      -6.32064309e+02       1.73136486e+02
      7.48000000e+01      -4.58926304e+02      -6.10823520e+02       1.51897217e+02
      7.49000000e+01      -4.58925293e+02      -6.28938622e+02       1.70013329e+02
      7.50000000e+01      -4.58927753e+02      -5.99290690e+02       1.40362937e+02
      7.51000000e+01      -4.58926223e+02      -6.17714435e+02       1.58788212e+02
      7.52000000e+01      -4.58927395e+02      -6.26025832e+02       1.67098437e+02
      7.53000000e+01      -4.58926141e+02      -6.32642684e+02       1.73716543e+02
      7.54000000e+01      -4.58924892e+02      -6.11088973e+02       1.52164081e+02
      7.55000000e+01      -4.58924976e+02      -6.24642029e+02       1.65717052e+02
      7.56000000e+01      -4.58925716e+02      -6.30833864e+02       1.71908148e+02
      7.57000000e+01      -4.58926743e+02      -6.29249015e+02       1.70322272e+02
      7.58000000e+01      -4.58926353e+02      -6.21019911e+02       1.62093558e+02
      7.59000000e+01      -4.58927941e+02      -6.33503362e+02       1.74575421e+02
      7.60000000e+01      -4.58926420e+02      -6.23320643e+02       1.64394224e+02
      7.61000000e+01      -4.58926654e+02      -6.29008114e+02       1.70081460e+02
      7.62000000e+01      -4.58925524e+02      -6.20020796e+02       1.61095272e+02
      7.63000000e+01      -4.58924693e+02      -6.23429695e+02       1.64505002e+02
      7.64000000e+01      -4.58923343e+02      -6.22074661e+02       1.63151318e+02
      7.65000000e+01      -4.58925241e+02      -6.10623889e+02       1.51698648e+02
      7.66000000e+01      -4.58925355e+02      -6.37282193e+02       1.78356838e+02
      7.67000000e+01      -4.58921319e+02      -6.10517918e+02       1.51596599e+02
      7.68000000e+01      -4.58924831e+02      -6.21819754e+02       1.62894923e+02
      7.69000000e+01      -4.58924153e+02      -6.14930568e+02       1.56006415e+02
      7.70000000e+01      -4.58926641e+02      -6.32388397e+02       1.73461756e+02
      7.71000000e+01      -4.58925976e+02      -6.37747475e+02       1.78821500e+02
      7.72000000e+01      -4.58924182e+02      -6.17011455e+02       1.58087273e+02
      7.73000000e+01      -4.58923013e+02      -6.31769795e+02       1.72846782e+02
      7.74000000e+01      -4.58925695e+02      -6.23481756e+02       1.64556061e+02
      7.75000000e+01      -4.58925541e+02      -6.32124185e+02       1.73198645e+02
      7.76000000e+01      -4.58929048e+02      -6.29390836e+02       1.70461788e+02
      7.77000000e+01      -4.58926920e+02      -6.21697419e+02       1.62770500e+02
      7.78000000e+01      -4.58926554e+02      -6.31186756e+02       1.72260202e+02
      7.79000000e+01      -4.58927347e+02      -6.27047974e+02       1.68120627e+02
      7.80000000e+01      -4.58929152e+02      -6.27171641e+02       1.68242489e+02
      7.81000000e+01      -4.58925739e+02      -6.20461009e+02       1.61535270e+02
      7.82000000e+01      -4.58925312e+02      -6.33557309e+02       1.74631996e+02
      7.83000000e+01      -4.58926258e+02      -6.21701746e+02       1.62775487e+02
      7.84000000e+01      -4.58924515e+02      -6.25149685e+02       1.66225170e+02
      7.85000000e+01      -4.58924204e+02      -6.41398553e+02       1.82474348e+02
      7.86000000e+01      -4.58924898e+02      -6.29145222e+02       1.70220325e+02
      7.87000000e+01      -4.58926512e+02      -6.22396473e+02       1.63469961e+02
      7.88000000e+01      -4.58924520e+02      -6.12316632e+02       1.53392113e+02
      7.89000000e+01      -4.58925154e+02      -6.25268114e+02       1.66342960e+02
      7.90000000e+01      -4.58923541e+02      -6.11176692e+02       1.52253151e+02
      7.91000000e+01      -4.58924726e+02      -6.22649332e+02       1.63724606e+02
      7.92000000e+01      -4.58925345e+02      -6.29469793e+02       1.70544447e+02
      7.93000000e+01      -4.58924725e+02      -6.25621185e+02       1.66696460e+02
      7.94000000e+01      -4.58924471e+02      -6.28769394e+02       1.69844923e+02
      7.95000000e+01      -4.58925937e+02      -6.41081259e+02       1.82155322e+02
      7.96000000e+01      -4.58924727e+02      -6.12898830e+02       1.53974103e+02
      7.97000000e+01      -4.58923254e+02      -6.27358304e+02       1.68435050e+02
      7.98000000e+01      -4.58923872e+02      -6.14257833e+02       1.55333961e+02
      7.99000000e+01      -4.58926105e+02      -6.09779830e+02       1.50853725e+02
      8.00000000e+01      -4.58926395e+02      -6.27016679e+02       1.68090284e+02
      8.01000000e+01      -4.58927213e+02      -6.14984158e+02       1.56056945e+02
      8.02000000e+01      -4.58924243e+02      -6.18887700e+02       1.59963456e+02
      8.03000000e+01      -4.58925355e+02      -6.21517586e+02       1.62592231e+02
      8.04000000e+01      -4.58926082e+02      -6.28041594e+02       1.69115512e+02
      8.05000000e+01      -4.58927310e+02      -6.38285925e+02       1.79358615e+02
      8.06000000e+01      -4.58926519e+02      -6.17544714e+02       1.58618196e+02
      8.07000000e+01      -4.58923839e+02      -6.11369243e+02       1.52445404e+02
      8.08000000e+01      -4.58926366e+02      -6.25014661e+02       1.66088296e+02
      8.09000000e+01      -4.58928963e+02      -6.44100840e+02       1.85171877e+02
      8.10000000e+01      -4.58928267e+02      -6.35142696e+02       1.76214429e+02
      8.11000000e+01      -4.58927616e+02      -6.27258353e+02       1.68330737e+02
      8.12000000e+01      -4.58929052e+02      -6.18317719e+02       1.59388667e+02
      8.13000000e+01      -4.58926599e+02      -6.17416534e+02       1.58489935e+02
      8.14000000e+01      -4.58926442e+02      -6.24901939e+02       1.65975496e+02
      8.15000000e+01      -4.58926767e+02      -6.33200665e+02       1.74273898e+02
      8.16000000e+01      -4.58924921e+02      -6.14990410e+02       1.56065490e+02
      8.17000000e+01      -4.58926142e+02      -6.26945611e+02       1.68019469e+02
      8.18000000e+01      -4.58925867e+02      -6.21860481e+02       1.62934614e+02
      8.19000000e+01      -4.58926508e+02      -6.29232705e+02       1.70306197e+02
      8.20000000e+01      -4.58925640e+02      -6.37238947e+02       1.78313307e+02
      8.21000000e+01      -4.58928290e+02      -6.28006776e+02       1.69078485e+02
      8.22000000e+01      -4.58925233e+02      -6.18533513e+02       1.59608279e+02
      8.23000000e+01      -4.58925326e+02      -6.17460403e+02       1.58535078e+02
      8.24000000e+01      -4.58927122e+02      -6.36378633e+02       1.77451511e+02
      8.25000000e+01      -4.58925784e+02      -6.38983275e+02       1.80057491e+02
      8.26000000e+01      -4.58926692e+02      -6.27704268e+02       1.68777575e+02
      8.27000000e+01      -4.58924324e+02      -6.29050575e+02       1.70126251e+02
      8.28000000e+01      -4.58923686e+02      -6.15539865e+02       1.56616179e+02
      8.29000000e+01      -4.58924999e+02      -6.25413120e+02       1.66488122e+02
      8.30000000e+01      -4.58924527e+02      -6.39746905e+02       1.80822378e+02
      8.31000000e+01      -4.58926336e+02      -6.31446115e+02       1.72519779e+02
      8.32000000e+01      -4.58923834e+02      -6.19975584e+02       1.61051750e+02
      8.33000000e+01      -4.58923609e+02      -6.19603810e+02       1.60680201e+02
      8.34000000e+01      -4.58925092e+02      -6.15993263e+02       1.57068171e+02
      8.35000000e+01      -4.58925430e+02      -6.28521612e+02       1.69596182e+02
      8.36000000e+01      -4.58925585e+02      -6.29519733e+02       1.70594148e+02
      8.37000000e+01      -4.58924921e+02      -6.19591529e+02       1.60666608e+02
      8.38000000e+01      -4.58926469e+02      -6.17515483e+02       1.58589014e+02
      8.39000000e+01      -4.58923031e+02      -6.23075515e+02       1.64152483e+02
      8.40000000e+01      -4.58924999e+02      -6.23714560e+02       1.64789561e+02
      8.41000000e+01      -4.58924800e+02      -6.18461995e+02       1.59537194e+02
      8.42000000e+01      -4.58924035e+02      -6.31602868e+02       1.72678834e+02
      8.43000000e+01      -4.58924860e+02      -6.27939668e+02       1.69014809e+02
      8.44000000e+01      -4.58925277e+02      -6.26328289e+02       1.67403012e+02
      8.45000000e+01      -4.58922682e+02      -6.16708299e+02       1.57785617e+02
      8.46000000e+01      -4.58924698e+02      -6.39101207e+02       1.80176509e+02
      8.47000000e+01      -4.58924463e+02      -6.29982843e+02       1.71058380e+02
      8.48000000e+01      -4.58921309e+02      -6.18813013e+02       1.59891704e+02
      8.49000000e+01      -4.58923696e+02      -6.25727370e+02       1.66803674e+02
      8.50000000e+01      -4.58923274e+02      -6.35913637e+02       1.76990364e+02
      8.51000000e+01      -4.58922495e+02      -6.10114349e+02       1.51191853e+02
      8.52000000e+01      -4.58926221e+02      -6.27329651e+02       1.68403430e+02
      8.53000000e+01      -4.58923442e+02      -6.27253755e+02       1.68330313e+02
      8.54000000e+01      -4.58924462e+02      -6.34609896e+02       1.75685435e+02
      8.55000000e+01      -4.58924574e+02      -6.25103500e+02       1.66178926e+02
      8.56000000e+01      -4.58924000e+02      -6.24710234e+02       1.65786234e+02
      8.57000000e+01      -4.58922421e+02      -6.23412619e+02       1.64490198e+02
      8.58000000e+01      -4.58923003e+02      -6.18212925e+02       1.59289922e+02
      8.59000000e+01      -4.58924934e+02      -6.12504898e+02       1.53579964e+02
      8.60000000e+01      -4.58924645e+02      -6.20102521e+02       1.61177876e+02
      8.61000000e+01      -4.58922394e+02      -6.19568980e+02       1.60646587e+02
      8.62000000e+01      -4.58922377e+02      -6.23730971e+02       1.64808595e+02
      8.63000000e+01      -4.58923427e+02      -6.15200790e+02       1.56277363e+02
      8.64000000e+01      -4.58923963e+02      -6.20126134e+02       1.61202172e+02
      8.65000000e+01      -4.58925031e+02      -6.26094359e+02       1.67169328e+02
      8.66000000e+01      -4.58924930e+02      -6.30631789e+02       1.71706859e+02
      8.67000000e+01      -4.58923639e+02      -6.24121278e+02       1.65197639e+02
      8.68000000e+01      -4.58924059e+02      -6.25066626e+02       1.66142567e+02
      8.69000000e+01      -4.58925383e+02      -6.36054910e+02       1.77129527e+02
      8.70000000e+01      -4.58922927e+02      -6.11388136e+02       1.52465209e+02
      8.71000000e+01      -4.58924038e+02      -6.23316722e+02       1.64392684e+02
      8.72000000e+01      -4.58924899e+02      -6.24485490e+02       1.65560591e+02
      8.73000000e+01      -4.58923393e+02      -6.21500405e+02       1.62577012e+02
      8.74000000e+01      -4.58925921e+02      -6.29653234e+02       1.70727313e+02
      8.75000000e+01      -4.58924282e+02      -6.27841475e+02       1.68917193e+02
      8.76000000e+01      -4.58923986e+02      -6.22353598e+02       1.63429611e+02
      8.77000000e+01      -4.58924732e+02      -6.17930835e+02       1.59006103e+02
      8.78000000e+01      -4.58925578e+02      -6.27079733e+02       1.68154154e+02
      8.79000000e+01      -4.58926594e+02      -6.28393059e+02       1.69466464e+02
      8.80000000e+01      -4.58926786e+02      -6.25783693e+02       1.66856907e+02
      8.81000000e+01      -4.58924816e+02      -6.08869469e+02       1.49944653e+02
      8.82000000e+01      -4.58924984e+02      -6.27388112e+02       1.68463127e+02
      8.83000000e+01      -4.58924362e+02      -6.06611830e+02       1.47687469e+02
      8.84000000e+01      -4.58925819e+02      -6.33594379e+02       1.74668561e+02
      8.85000000e+01      -4.58924811e+02      -6.29755080e+02       1.70830269e+02
      8.86000000e+01      -4.58924075e+02      -6.46133954e+02       1.87209879e+02
      8.87000000e+01      -4.58923384e+02      -6.30388197e+02       1.71464813e+02
      8.88000000e+01      -4.58923804e+02      -6.31784032e+02       1.72860228e+02
      8.89000000e+01      -4.58923786e+02      -6.23231794e+02       1.64308007e+02
      8.90000000e+01      -4.58923731e+02      -6.24093263e+02       1.65169532e+02
      8.91000000e+01      -4.58924684e+02      -6.33041882e+02       1.74117198e+02
      8.92000000e+01      -4.58923102e+02      -6.09821150e+02       1.50898048e+02
      8.93000000e+01      -4.58924911e+02      -6.37877589e+02       1.78952678e+02
      8.94000000e+01      -4.58925094e+02      -6.32204857e+02       1.73279763e+02
      8.95000000e+01      -4.58922463e+02      -6.16149687e+02       1.57227224e+02
      8.96000000e+01      -4.58922447e+02      -6.21315553e+02       1.62393105e+02
      8.97000000e+01      -4.58923917e+02      -6.30356440e+02       1.71432523e+02
      8.98000000e+01      -4.58924175e+02      -6.33221720e+02       1.74297545e+02
      8.99000000e+01      -4.58922292e+02      -6.24311030e+02       1.65388738e+02
      9.00000000e+01      -4.58922535e+02      -6.26910375e+02       1.67987840e+02
      9.01000000e+01      -4.58919647e+02      -6.03197954e+02       1.44278307e+02
      9.02000000e+01      -4.58921696e+02      -6.11626011e+02       1.52704315e+02
      9.03000000e+01      -4.58921090e+02      -6.14252522e+02       1.55331431e+02
      9.04000000e+01      -4.58921175e+02      -6.24070843e+02       1.65149668e+02
      9.05000000e+01      -4.58920175e+02      -6.19611506e+02       1.60691331e+02
      9.06000000e+01      -4.58922663e+02      -6.26945493e+02       1.68022830e+02
      9.07000000e+01      -4.58921772e+02      -6.24040046e+02       1.65118274e+02
      9.08000000e+01      -4.58921971e+02      -6.26284275e+02       1.67362305e+02
      9.09000000e+01      -4.58919985e+02      -6.19461407e+02       1.60541422e+02
      9.10000000e+01      -4.58922074e+02      -6.23219706e+02       1.64297631e+02
      9.11000000e+01      -4.58920802e+02      -6.36362870e+02       1.77442068e+02
      9.12000000e+01      -4.58921173e+02      -6.27457096e+02       1.68535922e+02
      9.13000000e+01      -4.58921948e+02      -6.15363379e+02       1.56441431e+02
      9.14000000e+01      -4.58919941e+02      -6.17737039e+02       1.58817098e+02
      9.15000000e+01      -4.58921264e+02      -6.27667502e+02       1.68746238e+02
      9.16000000e+01      -4.58922377e+02      -6.35720596e+02       1.76798219e+02
      9.17000000e+01      -4.58919220e+02      -6.18171043e+02       1.59251823e+02
      9.18000000e+01      -4.58921441e+02      -6.30277177e+02       1.71355736e+02
      9.19000000e+01      -4.58922687e+02      -6.22155054e+02       1.63232367e+02
      9.20000000e+01      -4.58921611e+02      -6.20434714e+02       1.61513104e+02
      9.21000000e+01      -4.58923676e+02      -6.17031888e+02       1.58108212e+02
      9.22000000e+01      -4.58922088e+02      -6.19556570e+02       1.60634482e+02
      9.23000000e+01      -4.58920446e+02      -6.10521764e+02       1.51601318e+02
      9.24000000e+01      -4.58922681e+02      -6.17348497e+02       1.58425816e+02
      9.25000000e+01      -4.58923019e+02      -6.29471424e+02       1.70548406e+02
      9.26000000e+01      -4.58924765e+02      -6.31998823e+02       1.73074058e+02
      9.27000000e+01      -4.58925287e+02      -6.20812409e+02       1.61887121e+02
      9.28000000e+01      -4.58922119e+02      -6.21811705e+02       1.62889585e+02
      9.29000000e+01      -4.58922460e+02      -6.20470733e+02       1.61548272e+02
      9.30000000e+01      -4.58926515e+02      -6.24615704e+02       1.65689190e+02
      9.31000000e+01      -4.58924738e+02      -6.23568871e+02       1.64644134e+02
      9.32000000e+01      -4.58925964e+02      -6.31903251e+02       1.72977287e+02
      9.33000000e+01      -4.58925161e+02      -6.16336743e+02       1.57411581e+02
      9.34000000e+01      -4.58923380e+02      -6.25579582e+02       1.66656202e+02
      9.35000000e+01      -4.58920425e+02      -6.12283610e+02       1.53363184e+02
      9.36000000e+01      -4.58920816e+02      -6.20593859e+02       1.61673043e+02
      9.37000000e+01      -4.58920694e+02      -6.21781550e+02       1.62860856e+02
      9.38000000e+01      -4.58922694e+02      -6.31899665e+02       1.72976972e+02
      9.39000000e+01      -4.58922485e+02      -6.40886609e+02       1.81964124e+02
      9.40000000e+01      -4.58922000e+02      -6.24971834e+02       1.66049834e+02
      9.41000000e+01      -4.58920928e+02      -6.19449510e+02       1.60528582e+02
      9.42000000e+01      -4.58921446e+02      -6.30530609e+02       1.71609163e+02
      9.43000000e+01      -4.58921446e+02      -6.21405004e+02       1.62483557e+02
      9.44000000e+01      -4.58920930e+02      -6.25182710e+02       1.66261780e+02
      9.45000000e+01      -4.58919961e+02      -6.29612875e+02       1.70692914e+02
      9.46000000e+01      -4.58920837e+02      -6.27343268e+02       1.68422431e+02
      9.47000000e+01      -4.58923201e+02      -6.27395446e+02       1.68472246e+02
      9.48000000e+01      -4.58918367e+02      -6.10436944e+02       1.51518577e+02
      9.49000000e+01      -4.58922430e+02      -6.39421977e+02       1.80499548e+02
      9.50000000e+01      -4.58921314e+02      -6.24699502e+02       1.65778189e+02
      9.51000000e+01      -4.58920915e+02      -6.31461661e+02       1.72540746e+02
      9.52000000e+01      -4.58921678e+02      -6.15555343e+02       1.56633665e+02
      9.53000000e+01      -4.58921114e+02      -6.27754803e+02       1.68833689e+02
      9.54000000e+01      -4.58920568e+02      -6.27932211e+02       1.69011643e+02
      9.55000000e+01      -4.58919937e+02      -6.26305254e+02       1.67385317e+02
      9.56000000e+01      -4.58921473e+02      -6.16433321e+02       1.57511848e+02
      9.57000000e+01      -4.58920081e+02      -6.20987718e+02       1.62067637e+02
      9.58000000e+01      -4.58922049e+02      -6.22847688e+02       1.63925639e+02
      9.59000000e+01      -4.58922274e+02      -6.30434961e+02       1.71512686e+02
      9.60000000e+01      -4.58920250e+02      -6.20527986e+02       1.61607736e+02
      9.61000000e+01      -4.58917798e+02      -6.17639486e+02       1.58721687e+02
      9.62000000e+01      -4.58921201e+02      -6.10573899e+02       1.51652698e+02
      9.63000000e+01      -4.58921355e+02      -6.15743501e+02       1.56822146e+02
      9.64000000e+01      -4.58920806e+02      -6.21638367e+02       1.62717561e+02
      9.65000000e+01      -4.58919215e+02      -6.05004348e+02       1.46085133e+02
      9.66000000e+01      -4.58922287e+02      -6.33981636e+02       1.75059348e+02
      9.67000000e+01      -4.58920231e+02      -6.22351700e+02       1.63431469e+02
      9.68000000e+01      -4.58919274e+02      -6.30327389e+02       1.71408115e+02
      9.69000000e+01      -4.58918853e+02      -6.25717256e+02       1.66798402e+02
      9.70000000e+01      -4.58921010e+02      -6.38812462e+02       1.79891453e+02
      9.71000000e+01      -4.58921595e+02      -6.20255836e+02       1.61334241e+02
      9.72000000e+01      -4.58919151e+02      -6.23729487e+02       1.64810335e+02
      9.73000000e+01      -4.58921408e+02      -6.28558194e+02       1.69636785e+02
      9.74000000e+01      -4.58921853e+02      -6.29709177e+02       1.70787324e+02
      9.75000000e+01      -4.58922641e+02      -6.37416180e+02       1.78493538e+02
      9.76000000e+01      -4.58920627e+02      -6.19838788e+02       1.60918162e+02
      9.77000000e+01      -4.58921557e+02      -6.25492738e+02       1.66571181e+02
      9.78000000e+01      -4.58918300e+02      -6.05683601e+02       1.46765302e+02
      9.79000000e+01      -4.58917752e+02      -6.08012962e+02       1.49095209e+02
      9.80000000e+01      -4.58915433e+02      -6.18038227e+02       1.59122794e+02
      9.81000000e+01      -4.58918027e+02      -6.21592756e+02       1.62674729e+02
      9.82000000e+01      -4.58919773e+02      -6.26695185e+02       1.67775412e+02
      9.83000000e+01      -4.58919902e+02      -6.29273682e+02       1.70353781e+02
      9.84000000e+01      -4.58919097e+02      -6.17915911e+02       1.58996814e+02
      9.85000000e+01      -4.58922774e+02      -6.28273220e+02       1.69350446e+02
      9.86000000e+01      -4.58919618e+02      -6.20696463e+02       1.61776846e+02
      9.87000000e+01      -4.58918612e+02      -6.09692897e+02       1.50774285e+02
      9.88000000e+01      -4.58920807e+02      -6.28746964e+02       1.69826157e+02
      9.89000000e+01      -4.58920676e+02      -6.29584285e+02       1.70663609e+02
      9.90000000e+01      -4.58921376e+02      -6.37023384e+02       1.78102009e+02
      9.91000000e+01      -4.58919445e+02      -6.24318075e+02       1.65398629e+02
      9.92000000e+01      -4.58920149e+02      -6.24452596e+02       1.65532446e+02
      9.93000000e+01      -4.58920946e+02      -6.14285972e+02       1.55365026e+02
      9.94000000e+01      -4.58920489e+02      -6.17838859e+02       1.58918369e+02
      9.95000000e+01      -4.58921886e+02      -6.37540108e+02       1.78618222e+02
      9.96000000e+01      -4.58922894e+02      -6.32095780e+02       1.73172886e+02
      9.97000000e+01      -4.58920939e+02      -6.23210651e+02       1.64289712e+02
      9.98000000e+01      -4.58921342e+02      -6.20216444e+02       1.61295102e+02
      9.99000000e+01      -4.58922729e+02      -6.26440707e+02       1.67517977e+02
      1.00000000e+02      -4.58919934e+02      -6.30753955e+02       1.71834021e+02
