      0.00000000e+00       5.00000000e-01       5.00000000e-01       0.00000000e+00       1.00000000e+00       0.00000000e+00
      1.00000000e-01       4.99999999e-01       4.95016644e-01       4.98335471e-03       9.95004165e-01      -9.98334083e-02
      2.00000000e-01       4.99999995e-01       4.80265247e-01       1.97347482e-02       9.80066576e-01      -1.98669314e-01
      3.00000000e-01       4.99999989e-01       4.56333900e-01       4.36660889e-02       9.55336485e-01      -2.95520182e-01
      4.00000000e-01       4.99999981e-01       4.24176671e-01       7.58233097e-02       9.21060988e-01      -3.89418309e-01
      5.00000000e-01       4.99999971e-01       3.85075568e-01       1.14924404e-01       8.77582552e-01      -4.79425497e-01
      6.00000000e-01       4.99999960e-01       3.40589427e-01       1.59410533e-01       8.25335601e-01      -5.64642423e-01
      7.00000000e-01       4.99999948e-01       2.92491771e-01       2.07508177e-01       7.64842168e-01      -6.44217629e-01
      8.00000000e-01       4.99999936e-01       2.42700103e-01       2.57299833e-01       6.96706685e-01      -7.17356024e-01
      9.00000000e-01       4.99999923e-01       1.93199458e-01       3.06800465e-01       6.21609939e-01      -7.83326835e-01
      1.00000000e+00       4.99999911e-01       1.45963272e-01       3.54036640e-01       5.40302271e-01      -8.41470902e-01
      1.10000000e+00       4.99999901e-01       1.02874702e-01       3.97125199e-01       4.53596081e-01      -8.91207269e-01
      1.20000000e+00       4.99999891e-01       6.56515542e-02       4.34348337e-01       3.62357708e-01      -9.32038988e-01
      1.30000000e+00       4.99999884e-01       3.57777977e-02       4.64222086e-01       2.67498776e-01      -9.63558079e-01
      1.40000000e+00       4.99999879e-01       1.44444051e-02       4.85555474e-01       1.69967085e-01      -9.85449617e-01
      1.50000000e+00       4.99999876e-01       2.50187144e-03       4.97498004e-01       7.07371393e-02      -9.97494866e-01
      1.60000000e+00       4.99999875e-01       4.26307997e-04       4.99573567e-01      -2.91995889e-02      -9.99573476e-01
      1.70000000e+00       4.99999877e-01       8.30046091e-03       4.91699416e-01      -1.28844565e-01      -9.91664677e-01
      1.80000000e+00       4.99999881e-01       2.58104125e-02       4.74189469e-01      -2.27202168e-01      -9.73847492e-01
      1.90000000e+00       4.99999888e-01       5.22580962e-02       4.47741792e-01      -3.23289642e-01      -9.46299944e-01
      2.00000000e+00       4.99999897e-01       8.65891263e-02       4.13410770e-01      -4.16146912e-01      -9.09297278e-01
      2.10000000e+00       4.99999907e-01       1.27434833e-01       3.72565074e-01      -5.04846180e-01      -8.63209215e-01
      2.20000000e+00       4.99999918e-01       1.73166826e-01       3.26833092e-01      -5.88501191e-01      -8.08496249e-01
      2.30000000e+00       4.99999930e-01       2.21961916e-01       2.78038015e-01      -6.66276093e-01      -7.45705055e-01
      2.40000000e+00       4.99999943e-01       2.71874796e-01       2.28125147e-01      -7.37393783e-01      -6.75463022e-01
      2.50000000e+00       4.99999955e-01       3.20915596e-01       1.79084359e-01      -8.01143678e-01      -5.98471986e-01
      2.60000000e+00       4.99999967e-01       3.67129216e-01       1.32870751e-01      -8.56888809e-01      -5.15501215e-01
      2.70000000e+00       4.99999977e-01       4.08673262e-01       9.13267147e-02      -9.04072190e-01      -4.27379725e-01
      2.80000000e+00       4.99999986e-01       4.43891506e-01       5.61084795e-02      -9.42222380e-01      -3.34987998e-01
      2.90000000e+00       4.99999993e-01       4.71379907e-01       2.86200855e-02      -9.70958194e-01      -2.39249182e-01
      3.00000000e+00       4.99999998e-01       4.90042589e-01       9.95740838e-03      -9.89992514e-01      -1.41119867e-01
      3.10000000e+00       5.00000000e-01       4.99135530e-01       8.64470162e-04      -9.99135156e-01      -4.15805282e-02
      3.20000000e+00       5.00000000e-01       4.98296222e-01       1.70377765e-03      -9.98294768e-01       5.83742692e-02
      3.30000000e+00       4.99999997e-01       4.87558127e-01       1.24418703e-02      -9.87479748e-01       1.57745810e-01
      3.40000000e+00       4.99999992e-01       4.67349338e-01       3.26506542e-02      -9.66798156e-01       2.55541207e-01
      3.50000000e+00       4.99999985e-01       4.38475516e-01       6.15244689e-02      -9.36456636e-01       3.50783320e-01
      3.60000000e+00       4.99999976e-01       4.02087769e-01       9.79122064e-02      -8.96758350e-01       4.42520522e-01
      3.70000000e+00       4.99999965e-01       3.59636763e-01       1.40363202e-01      -8.48099950e-01       5.29836205e-01
      3.80000000e+00       4.99999953e-01       3.12814884e-01       1.87185069e-01      -7.90967615e-01       6.11857940e-01
      3.90000000e+00       4.99999941e-01       2.63488774e-01       2.36511167e-01      -7.25932192e-01       6.87766191e-01
      4.00000000e+00       4.99999928e-01       2.13624909e-01       2.86375019e-01      -6.53643495e-01       7.56802510e-01
      4.10000000e+00       4.99999916e-01       1.65211204e-01       3.34788712e-01      -5.74823807e-01       8.18277107e-01
      4.20000000e+00       4.99999905e-01       1.20177762e-01       3.79822143e-01      -4.90260669e-01       8.71575749e-01
      4.30000000e+00       4.99999895e-01       8.03199224e-02       4.19679973e-01      -4.00799008e-01       9.16165894e-01
      4.40000000e+00       4.99999887e-01       4.72266929e-02       4.52773194e-01      -3.07332696e-01       9.51602011e-01
      4.50000000e+00       4.99999881e-01       2.22173959e-02       4.77782485e-01      -2.10795616e-01       9.77530035e-01
      4.60000000e+00       4.99999877e-01       6.28907329e-03       4.93710803e-01      -1.12152336e-01       9.93690901e-01
      4.70000000e+00       4.99999875e-01       7.67370653e-05       4.99923138e-01      -1.23884676e-02       9.99923135e-01
      4.80000000e+00       4.99999876e-01       3.82805348e-03       4.96171822e-01       8.74991827e-02       9.96164467e-01
      4.90000000e+00       4.99999879e-01       1.73934694e-02       4.82606410e-01       1.86512570e-01       9.82452452e-01
      5.00000000e+00       4.99999885e-01       4.02321744e-02       4.59767711e-01       2.83662385e-01       9.58924096e-01
      5.10000000e+00       4.99999893e-01       7.14336614e-02       4.28566232e-01       3.77977939e-01       9.25814486e-01
      5.20000000e+00       4.99999902e-01       1.09754025e-01       3.90245877e-01       4.68516863e-01       8.83454444e-01
      5.30000000e+00       4.99999913e-01       1.53665554e-01       3.46334359e-01       5.54374520e-01       8.32267216e-01
      5.40000000e+00       4.99999925e-01       2.01417634e-01       2.98582292e-01       6.34693050e-01       7.72764248e-01
      5.50000000e+00       4.99999938e-01       2.51106539e-01       2.48893399e-01       7.08669936e-01       7.05540075e-01
      5.60000000e+00       4.99999950e-01       3.00751330e-01       1.99248620e-01       7.75566026e-01       6.31266378e-01
      5.70000000e+00       4.99999962e-01       3.48372826e-01       1.51627136e-01       8.34712916e-01       5.50685276e-01
      5.80000000e+00       4.99999973e-01       3.92072507e-01       1.07927466e-01       8.85519629e-01       4.64601907e-01
      5.90000000e+00       4.99999983e-01       4.30108205e-01       6.98917775e-02       9.27478523e-01       3.73876390e-01
      6.00000000e+00       4.99999990e-01       4.60963557e-01       3.90364335e-02       9.60170357e-01       2.79415223e-01
      6.10000000e+00       4.99999996e-01       4.83408457e-01       1.65915393e-02       9.83268485e-01       1.82162232e-01
      6.20000000e+00       4.99999999e-01       4.96548097e-01       3.45190218e-03       9.96542118e-01       8.30891350e-02
      6.30000000e+00       5.00000000e-01       4.99858642e-01       1.41358002e-04       9.99858632e-01      -1.68141608e-02
      6.40000000e+00       4.99999998e-01       4.93208111e-01       6.79188775e-03       9.93184888e-01      -1.16549455e-01
      6.50000000e+00       4.99999994e-01       4.76861638e-01       2.31383558e-02       9.76587567e-01      -2.15120226e-01
      6.60000000e+00       4.99999988e-01       4.51470908e-01       4.85290799e-02       9.50232506e-01      -3.11541586e-01
      6.70000000e+00       4.99999980e-01       4.18048168e-01       8.19518120e-02       9.14383035e-01      -4.04850125e-01
      6.80000000e+00       4.99999969e-01       3.77925876e-01       1.22074093e-01       8.69397350e-01      -4.94113536e-01
      6.90000000e+00       4.99999958e-01       3.32703584e-01       1.67296374e-01       8.15724934e-01      -5.78439927e-01
      7.00000000e+00       4.99999946e-01       2.84184160e-01       2.15815786e-01       7.53902063e-01      -6.56986736e-01
      7.10000000e+00       4.99999934e-01       2.34301922e-01       2.65698012e-01       6.84546451e-01      -7.28969152e-01
      7.20000000e+00       4.99999921e-01       1.85045516e-01       3.14954405e-01       6.08351076e-01      -7.93667947e-01
      7.30000000e+00       4.99999910e-01       1.38378641e-01       3.61621269e-01       5.26077259e-01      -8.50436674e-01
      7.40000000e+00       4.99999899e-01       9.61617577e-02       4.03838141e-01       4.38547050e-01      -8.98708119e-01
      7.50000000e+00       4.99999890e-01       6.00779202e-02       4.39921970e-01       3.46635025e-01      -9.37999968e-01
      7.60000000e+00       4.99999883e-01       3.15656772e-02       4.68434206e-01       2.51259536e-01      -9.67919631e-01
      7.70000000e+00       4.99999878e-01       1.17617222e-02       4.88238156e-01       1.53373545e-01      -9.88168160e-01
      7.80000000e+00       4.99999875e-01       1.45557619e-03       4.98544299e-01       5.39550960e-02      -9.98543238e-01
      7.90000000e+00       4.99999875e-01       1.05811291e-03       4.98941762e-01      -4.60024545e-02      -9.98941202e-01
      8.00000000e+00       4.99999878e-01       1.05851779e-02       4.89414700e-01      -1.45500364e-01      -9.89358074e-01
      8.10000000e+00       4.99999882e-01       2.96569571e-02       4.70342925e-01      -2.43544481e-01      -9.69889607e-01
      8.20000000e+00       4.99999889e-01       5.75131189e-02       4.42486771e-01      -3.39155182e-01      -9.40730323e-01
      8.30000000e+00       4.99999898e-01       9.30431258e-02       4.06956772e-01      -4.31377157e-01      -9.02171572e-01
      8.40000000e+00       4.99999909e-01       1.34830508e-01       3.65169400e-01      -5.19288953e-01      -8.54598620e-01
      8.50000000e+00       4.99999920e-01       1.81209336e-01       3.18790585e-01      -6.02012185e-01      -7.98486800e-01
      8.60000000e+00       4.99999933e-01       2.30330630e-01       2.69669303e-01      -6.78720310e-01      -7.34396763e-01
      8.70000000e+00       4.99999945e-01       2.80236080e-01       2.19763865e-01      -7.48646886e-01      -6.62968876e-01
      8.80000000e+00       4.99999957e-01       3.28936113e-01       1.71063845e-01      -8.11093229e-01      -5.84916822e-01
      8.90000000e+00       4.99999969e-01       3.74489211e-01       1.25510757e-01      -8.65435395e-01      -5.01020473e-01
      9.00000000e+00       4.99999979e-01       4.15079318e-01       8.49206609e-02      -9.11130416e-01      -4.12118092e-01
      9.10000000e+00       4.99999987e-01       4.49088232e-01       5.09117550e-02      -9.47721723e-01      -3.19097963e-01
      9.20000000e+00       4.99999994e-01       4.75160126e-01       2.48398674e-02      -9.74843707e-01      -2.22889513e-01
      9.30000000e+00       4.99999998e-01       4.92255596e-01       7.74440198e-03      -9.92225374e-01      -1.24454023e-01
      9.40000000e+00       5.00000000e-01       4.99693099e-01       3.06901076e-04      -9.99693052e-01      -2.47750308e-02
      9.50000000e+00       4.99999999e-01       4.97176125e-01       2.82387441e-03      -9.97172126e-01       7.51515058e-02
      9.60000000e+00       4.99999996e-01       4.84805018e-01       1.51949782e-02      -9.84687786e-01       1.74327153e-01
      9.70000000e+00       4.99999991e-01       4.63072975e-01       3.69270155e-02      -9.62364770e-01       2.71760981e-01
      9.80000000e+00       4.99999983e-01       4.32846385e-01       6.71535985e-02      -9.30426122e-01       3.66479463e-01
      9.90000000e+00       4.99999974e-01       3.95330285e-01       1.04669689e-01      -8.89190964e-01       4.57536203e-01
      1.00000000e+01       4.99999963e-01       3.52020325e-01       1.47979638e-01      -8.39071302e-01       5.44021392e-01
      1.01000000e+01       4.99999951e-01       3.04643137e-01       1.95356815e-01      -7.80567917e-01       6.25070899e-01
      1.02000000e+01       4.99999939e-01       2.55087498e-01       2.44912440e-01      -7.14265355e-01       6.99874904e-01
      1.03000000e+01       4.99999926e-01       2.05329038e-01       2.94670889e-01      -6.40826088e-01       7.67685989e-01
      1.04000000e+01       4.99999914e-01       1.57351467e-01       3.42648447e-01      -5.60983899e-01       8.27826609e-01
      1.05000000e+01       4.99999903e-01       1.13067502e-01       3.86932401e-01      -4.75536543e-01       8.79695858e-01
      1.06000000e+01       4.99999894e-01       7.42426036e-02       4.25757290e-01      -3.85337783e-01       9.22775476e-01
      1.07000000e+01       4.99999886e-01       4.24245986e-02       4.57575287e-01      -2.91288855e-01       9.56635027e-01
      1.08000000e+01       4.99999880e-01       1.88819705e-02       4.81117909e-01      -1.94329465e-01       9.80936195e-01
      1.09000000e+01       4.99999876e-01       4.55328966e-03       4.95446586e-01      -9.54283989e-02       9.95436172e-01
      1.10000000e+01       4.99999875e-01       9.79542987e-06       4.99990080e-01       4.42615632e-03       9.99990080e-01
      1.11000000e+01       4.99999876e-01       5.43262260e-03       4.94567254e-01       1.04236487e-01       9.94552416e-01
      1.12000000e+01       4.99999880e-01       2.06055801e-02       4.79394300e-01       2.03005321e-01       9.79177512e-01
      1.13000000e+01       4.99999886e-01       4.49237700e-02       4.55076116e-01       2.99745792e-01       9.54018990e-01
      1.14000000e+01       4.99999894e-01       7.74177028e-02       4.22582192e-01       3.93491303e-01       9.19328224e-01
      1.15000000e+01       4.99999904e-01       1.16791948e-01       3.83207957e-01       4.83305178e-01       8.75451834e-01
      1.16000000e+01       4.99999915e-01       1.61476778e-01       3.38523138e-01       5.68290027e-01       8.22828217e-01
      1.17000000e+01       4.99999927e-01       2.09690749e-01       2.90309178e-01       6.47596710e-01       7.61983173e-01
      1.18000000e+01       4.99999940e-01       2.59511724e-01       2.40488216e-01       7.20432820e-01       6.93524644e-01
      1.19000000e+01       4.99999952e-01       3.08953496e-01       1.91046456e-01       7.86070603e-01       6.18136645e-01
      1.20000000e+01       4.99999964e-01       3.56044978e-01       1.43954986e-01       8.43854227e-01       5.36572429e-01
      1.21000000e+01       4.99999975e-01       3.98908781e-01       1.01091193e-01       8.93206338e-01       4.49646958e-01
      1.22000000e+01       4.99999984e-01       4.35836061e-01       6.41639233e-02       9.33633826e-01       3.58228763e-01
      1.23000000e+01       4.99999991e-01       4.65354642e-01       3.46453492e-02       9.64732753e-01       2.63231264e-01
      1.24000000e+01       4.99999997e-01       4.86287713e-01       1.37122837e-02       9.86192388e-01       1.65603645e-01
      1.25000000e+01       4.99999999e-01       4.97800737e-01       2.19926202e-03       9.97798314e-01       6.63213694e-02
      1.26000000e+01       5.00000000e-01       4.99434728e-01       5.65272153e-04       9.99434568e-01      -3.36235677e-02
      1.27000000e+01       4.99999998e-01       4.91124542e-01       8.87545609e-03       9.91084801e-01      -1.33232549e-01
      1.28000000e+01       4.99999993e-01       4.73201480e-01       2.67985130e-02       9.72832442e-01      -2.31510315e-01
      1.29000000e+01       4.99999987e-01       4.46380080e-01       5.36199071e-02       9.44859862e-01      -3.27474906e-01
      1.30000000e+01       4.99999978e-01       4.11729624e-01       8.82703539e-02       9.07446554e-01      -4.20167476e-01
      1.31000000e+01       4.99999968e-01       3.70631518e-01       1.29368449e-01       8.60966339e-01      -5.08661871e-01
      1.32000000e+01       4.99999956e-01       3.24724214e-01       1.75275742e-01       8.05883632e-01      -5.92073884e-01
      1.33000000e+01       4.99999944e-01       2.75837891e-01       2.24162053e-01       7.42748802e-01      -6.69570090e-01
      1.34000000e+01       4.99999931e-01       2.25921493e-01       2.74078439e-01       6.72192670e-01      -7.40376173e-01
      1.35000000e+01       4.99999919e-01       1.76965029e-01       3.23034890e-01       5.94920211e-01      -8.03784661e-01
      1.36000000e+01       4.99999908e-01       1.30920239e-01       3.69079669e-01       5.11703506e-01      -8.59161997e-01
      1.37000000e+01       4.99999897e-01       8.96227835e-02       4.10377114e-01       4.23374027e-01      -9.05954871e-01
      1.38000000e+01       4.99999889e-01       5.47190622e-02       4.45280826e-01       3.30814335e-01      -9.43695742e-01
      1.39000000e+01       4.99999882e-01       2.76005764e-02       4.72399306e-01       2.34949256e-01      -9.72007516e-01
      1.40000000e+01       4.99999877e-01       9.34845441e-03       4.90651423e-01       1.36736640e-01      -9.90607312e-01
      1.41000000e+01       4.99999875e-01       6.90350965e-04       4.99309524e-01       3.71577977e-02      -9.99309286e-01
      1.42000000e+01       4.99999875e-01       1.97143731e-03       4.98028438e-01      -6.27923134e-02      -9.98026491e-01
      1.43000000e+01       4.99999878e-01       1.31406406e-02       4.86859238e-01      -1.62115024e-01      -9.86771744e-01
      1.44000000e+01       4.99999883e-01       3.37526798e-02       4.66247204e-01      -2.59817936e-01      -9.65657500e-01
      1.45000000e+01       4.99999891e-01       6.29858181e-02       4.37014073e-01      -3.54924832e-01      -9.34894724e-01
      1.46000000e+01       4.99999900e-01       9.96746222e-02       4.00325278e-01      -4.46485436e-01      -8.94790789e-01
      1.47000000e+01       4.99999911e-01       1.42356425e-01       3.57643485e-01      -5.33584905e-01      -8.45746399e-01
      1.48000000e+01       4.99999922e-01       1.89329638e-01       3.10670284e-01      -6.15352969e-01      -7.88251589e-01
      1.49000000e+01       4.99999935e-01       2.38721587e-01       2.61278347e-01      -6.90972630e-01      -7.22880830e-01
      1.50000000e+01       4.99999947e-01       2.88563171e-01       2.11436776e-01      -7.59688319e-01      -6.50287284e-01
      1.51000000e+01       4.99999959e-01       3.36867363e-01       1.63132596e-01      -8.20813454e-01      -5.71196282e-01
      1.52000000e+01       4.99999970e-01       3.81708427e-01       1.18291544e-01      -8.73737291e-01      -4.86398075e-01
      1.53000000e+01       4.99999980e-01       4.21298691e-01       7.87012893e-02      -9.17931033e-01      -3.96739938e-01
      1.54000000e+01       4.99999989e-01       4.54059816e-01       4.59401723e-02      -9.52953111e-01      -3.03117707e-01
      1.55000000e+01       4.99999995e-01       4.78685720e-01       2.13142747e-02      -9.78453596e-01      -2.06466824e-01
      1.56000000e+01       4.99999999e-01       4.94194645e-01       5.80535371e-03      -9.94177695e-01      -1.07752993e-01
      1.57000000e+01       5.00000000e-01       4.99968299e-01       3.17009312e-05      -9.99968299e-01      -7.96252864e-03
      1.58000000e+01       4.99999999e-01       4.95776505e-01       4.22349375e-03      -9.95767548e-01       9.19074943e-02
      1.59000000e+01       4.99999995e-01       4.81786377e-01       1.82136186e-02      -9.81617417e-01       1.90859208e-01
      1.60000000e+01       4.99999990e-01       4.58555656e-01       4.14443333e-02      -9.57659288e-01       2.87903919e-01
      1.61000000e+01       4.99999982e-01       4.27010479e-01       7.29895025e-02      -9.24132544e-01       3.82071989e-01
      1.62000000e+01       4.99999972e-01       3.88408452e-01       1.11591520e-01      -8.81372171e-01       4.72422522e-01
      1.63000000e+01       4.99999961e-01       3.44288517e-01       1.55711444e-01      -8.29805419e-01       5.58052765e-01
      1.64000000e+01       4.99999949e-01       2.96409595e-01       2.03590354e-01      -7.69947525e-01       6.38107129e-01
      1.65000000e+01       4.99999937e-01       2.46680469e-01       2.53319467e-01      -7.02396568e-01       7.11785736e-01
      1.66000000e+01       4.99999924e-01       1.97083683e-01       3.02916241e-01      -6.27827497e-01       7.78352415e-01
      1.67000000e+01       4.99999912e-01       1.49596503e-01       3.50403409e-01      -5.46985380e-01       8.37142054e-01
      1.68000000e+01       4.99999902e-01       1.06112094e-01       3.93887807e-01      -4.60677966e-01       8.87567245e-01
      1.69000000e+01       4.99999892e-01       6.83640426e-02       4.31635850e-01      -3.69767610e-01       9.29124157e-01
      1.70000000e+01       4.99999884e-01       3.78572439e-02       4.62142641e-01      -2.75162657e-01       9.61397567e-01
      1.71000000e+01       4.99999879e-01       1.58079082e-02       4.84191971e-01      -1.77808370e-01       9.84065009e-01
      1.72000000e+01       4.99999876e-01       3.09507295e-03       4.96904803e-01      -7.86774803e-02       9.96899998e-01
      1.73000000e+01       4.99999875e-01       2.25558793e-04       4.99774316e-01       2.12395288e-02       9.99774291e-01
      1.74000000e+01       4.99999877e-01       7.31376422e-03       4.92686113e-01       1.20944320e-01       9.92659169e-01
      1.75000000e+01       4.99999881e-01       2.40771048e-02       4.75922776e-01       2.19440675e-01       9.75625724e-01
      1.76000000e+01       4.99999887e-01       4.98472791e-02       4.50152608e-01       3.15744451e-01       9.48844148e-01
      1.77000000e+01       4.99999896e-01       8.35969114e-02       4.16402985e-01       4.08893412e-01       9.12582034e-01
      1.78000000e+01       4.99999906e-01       1.23980510e-01       3.76019396e-01       4.97956846e-01       8.67201702e-01
      1.79000000e+01       4.99999917e-01       1.69388109e-01       3.30611808e-01       5.82044859e-01       8.13156576e-01
      1.80000000e+01       4.99999930e-01       2.18009450e-01       2.81990480e-01       6.60317271e-01       7.50986658e-01
      1.81000000e+01       4.99999942e-01       2.67906153e-01       2.32093789e-01       7.31992012e-01       6.81313128e-01
      1.82000000e+01       4.99999954e-01       3.17088994e-01       1.82910961e-01       7.96352929e-01       6.04832143e-01
      1.83000000e+01       4.99999966e-01       3.63597208e-01       1.36402758e-01       8.52756950e-01       5.22307874e-01
      1.84000000e+01       4.99999976e-01       4.05576660e-01       9.44233163e-02       9.00640506e-01       4.34564877e-01
      1.85000000e+01       4.99999985e-01       4.41353761e-01       5.86462243e-02       9.39525158e-01       3.42479851e-01
      1.86000000e+01       4.99999992e-01       4.69502191e-01       3.04978017e-02       9.69022384e-01       2.46972880e-01
      1.87000000e+01       4.99999997e-01       4.88899760e-01       1.11002373e-02       9.88837459e-01       1.48998237e-01
      1.88000000e+01       5.00000000e-01       4.98773149e-01       1.22685080e-03       9.98772395e-01       4.95348523e-02
      1.89000000e+01       5.00000000e-01       4.98728737e-01       1.27126306e-03       9.98727928e-01      -5.04234680e-02
      1.90000000e+01       4.99999997e-01       4.88768294e-01       1.12317035e-02       9.88704500e-01      -1.49877974e-01
      1.91000000e+01       4.99999992e-01       4.69288912e-01       3.07110807e-02       9.68802262e-01      -2.47834948e-01
      1.92000000e+01       4.99999985e-01       4.41067172e-01       5.89328134e-02       9.39220072e-01      -3.43315637e-01
      1.93000000e+01       4.99999976e-01       4.05228186e-01       9.47717900e-02       9.00253505e-01      -4.35366030e-01
      1.94000000e+01       4.99999966e-01       3.63200742e-01       1.36799223e-01       8.52291901e-01      -5.23066389e-01
      1.95000000e+01       4.99999954e-01       3.16660342e-01       1.83339613e-01       7.95814478e-01      -6.05540441e-01
      1.96000000e+01       4.99999942e-01       2.67462403e-01       2.32537539e-01       7.31385539e-01      -6.81964132e-01
      1.97000000e+01       4.99999929e-01       2.17568294e-01       2.82431636e-01       6.59648836e-01      -7.51573863e-01
      1.98000000e+01       4.99999917e-01       1.68967134e-01       3.31032783e-01       5.81321141e-01      -8.13674115e-01
      1.99000000e+01       4.99999906e-01       1.23596500e-01       3.76403406e-01       4.97185075e-01      -8.67644404e-01
      2.00000000e+01       4.99999896e-01       8.32651741e-02       4.16734722e-01       4.08081301e-01      -9.12945477e-01
      2.01000000e+01       4.99999887e-01       4.95810405e-02       4.50418847e-01       3.14900113e-01      -9.49124699e-01
      2.02000000e+01       4.99999881e-01       2.38869790e-02       4.76112902e-01       2.18572546e-01      -9.75820580e-01
      2.03000000e+01       4.99999877e-01       7.20733090e-03       4.92792546e-01       1.20061075e-01      -9.92766383e-01
      2.04000000e+01       4.99999875e-01       2.07061118e-04       4.99792814e-01       2.03499935e-02      -9.99792792e-01
      2.05000000e+01       4.99999876e-01       3.16524836e-03       4.96834627e-01      -7.95644187e-02      -9.96829602e-01
      2.06000000e+01       4.99999879e-01       1.59639590e-02       4.84035920e-01      -1.78683850e-01      -9.83906418e-01
      2.07000000e+01       4.99999885e-01       3.80929489e-02       4.61906936e-01      -2.76017930e-01      -9.61152366e-01
      2.08000000e+01       4.99999892e-01       6.86700049e-02       4.31329887e-01      -3.70594131e-01      -9.28794797e-01
      2.09000000e+01       4.99999902e-01       1.06476116e-01       3.93523785e-01      -4.61467477e-01      -8.87157016e-01
      2.10000000e+01       4.99999913e-01       1.50004072e-01       3.49995840e-01      -5.47729992e-01      -8.36655055e-01
      2.11000000e+01       4.99999924e-01       1.97518551e-01       3.02481374e-01      -6.28519770e-01      -7.77793512e-01
      2.12000000e+01       4.99999937e-01       2.47125299e-01       2.52874638e-01      -7.03029586e-01      -7.11160513e-01
      2.13000000e+01       4.99999949e-01       2.96846653e-01       2.03153296e-01      -7.70514961e-01      -6.37421833e-01
      2.14000000e+01       4.99999961e-01       3.44700378e-01       1.55299583e-01      -8.30301606e-01      -5.57314244e-01
      2.15000000e+01       4.99999972e-01       3.88778698e-01       1.11221274e-01      -8.81792150e-01      -4.71638154e-01
      2.16000000e+01       4.99999982e-01       4.27324349e-01       7.26756333e-02      -9.24472118e-01      -3.81249612e-01
      2.17000000e+01       4.99999990e-01       4.58800636e-01       4.11993534e-02      -9.57915065e-01      -2.87051749e-01
      2.18000000e+01       4.99999995e-01       4.81952701e-01       1.80472946e-02      -9.81786841e-01      -1.89985760e-01
      2.19000000e+01       4.99999999e-01       4.95857543e-01       4.14245638e-03      -9.95848927e-01      -9.10214961e-02
      2.20000000e+01       5.00000000e-01       4.99960819e-01       3.91809421e-05      -9.99960818e-01       8.85222481e-03
      2.21000000e+01       4.99999999e-01       4.94098946e-01       5.90105290e-03      -9.94081431e-01       1.08637497e-01
      2.22000000e+01       4.99999995e-01       4.78505617e-01       2.14943779e-02      -9.78269510e-01       2.07337300e-01
      2.23000000e+01       4.99999988e-01       4.53802489e-01       4.61974992e-02      -9.52683042e-01       3.03965456e-01
      2.24000000e+01       4.99999980e-01       4.20974399e-01       7.90255813e-02      -9.17577679e-01       3.97556490e-01
      2.25000000e+01       4.99999970e-01       3.81330098e-01       1.18669872e-01      -8.73304183e-01       4.87175270e-01
      2.26000000e+01       4.99999959e-01       3.36450081e-01       1.63549878e-01      -8.20304920e-01       5.71926356e-01
      2.27000000e+01       4.99999947e-01       2.88123571e-01       2.11876376e-01      -7.59109440e-01       6.50962942e-01
      2.28000000e+01       4.99999935e-01       2.38277195e-01       2.61722740e-01      -6.90329189e-01       7.23495321e-01
      2.29000000e+01       4.99999922e-01       1.88898169e-01       3.11101753e-01      -6.14651396e-01       7.88798774e-01
      2.30000000e+01       4.99999910e-01       1.41955082e-01       3.58044829e-01      -5.32832209e-01       8.46220809e-01
      2.31000000e+01       4.99999900e-01       9.93194042e-02       4.00680496e-01      -4.45689139e-01       8.95187685e-01
      2.32000000e+01       4.99999891e-01       6.26908871e-02       4.37309004e-01      -3.54092889e-01       9.35210141e-01
      2.33000000e+01       4.99999883e-01       3.35297939e-02       4.66470089e-01      -2.58958660e-01       9.65888285e-01
      2.34000000e+01       4.99999878e-01       1.29986854e-02       4.87001193e-01      -1.61237002e-01       9.86915592e-01
      2.35000000e+01       4.99999875e-01       1.91607221e-03       4.98083803e-01      -6.19043167e-02       9.98081964e-01
      2.36000000e+01       4.99999875e-01       7.23783155e-04       4.99276092e-01       3.80468962e-02       9.99275830e-01
      2.37000000e+01       4.99999877e-01       9.46935105e-03       4.90530526e-01       1.37617957e-01       9.90485261e-01
      2.38000000e+01       4.99999882e-01       2.78041177e-02       4.72195764e-01       2.35813985e-01       9.71798090e-01
      2.39000000e+01       4.99999889e-01       5.49971337e-02       4.45002755e-01       3.31653837e-01       9.43401034e-01
      2.40000000e+01       4.99999897e-01       8.99642993e-02       4.10035598e-01       4.24179913e-01       9.05577825e-01
      2.41000000e+01       4.99999908e-01       1.31311584e-01       3.68688324e-01       5.12467723e-01       8.58706381e-01
      2.42000000e+01       4.99999919e-01       1.77390601e-01       3.22609318e-01       5.95635125e-01       8.03255026e-01
      2.43000000e+01       4.99999932e-01       2.26364327e-01       2.73635605e-01       6.72851137e-01       7.39777811e-01
      2.44000000e+01       4.99999944e-01       2.76280332e-01       2.23719612e-01       7.43344243e-01       6.68908981e-01
      2.45000000e+01       4.99999956e-01       3.25148623e-01       1.74851334e-01       8.06410098e-01       5.91356633e-01
      2.46000000e+01       4.99999968e-01       3.71020975e-01       1.28978993e-01       8.61418569e-01       5.07895644e-01
      2.47000000e+01       4.99999978e-01       4.12068603e-01       8.79313752e-02       9.07820029e-01       4.19359929e-01
      2.48000000e+01       4.99999987e-01       4.46655066e-01       5.33449205e-02       9.45150852e-01       3.26634109e-01
      2.49000000e+01       4.99999993e-01       4.73401512e-01       2.65984813e-02       9.73038038e-01       2.30644668e-01
      2.50000000e+01       4.99999998e-01       4.91241644e-01       8.75835403e-03       9.91202950e-01       1.32350701e-01
      2.51000000e+01       5.00000000e-01       4.99464232e-01       5.35768179e-04       9.99464088e-01       3.27343300e-02
      2.52000000e+01       4.99999999e-01       4.97741467e-01       2.25853235e-03       9.97738911e-01      -6.72091118e-02
      2.53000000e+01       4.99999997e-01       4.86142031e-01       1.38579654e-02       9.86044655e-01      -1.66481022e-01
      2.54000000e+01       4.99999991e-01       4.65128357e-01       3.48716344e-02       9.64498167e-01      -2.64089509e-01
      2.55000000e+01       4.99999984e-01       4.35538193e-01       6.44617907e-02       9.33314731e-01      -3.59059301e-01
      2.56000000e+01       4.99999975e-01       3.98551207e-01       1.01448768e-01       8.92805921e-01      -4.50441490e-01
      2.57000000e+01       4.99999964e-01       3.55641952e-01       1.44358012e-01       8.43376490e-01      -5.37323017e-01
      2.58000000e+01       4.99999952e-01       3.08521085e-01       1.91478867e-01       7.85520318e-01      -6.18835789e-01
      2.59000000e+01       4.99999940e-01       2.59067167e-01       2.40932772e-01       7.19815487e-01      -6.94165358e-01
      2.60000000e+01       4.99999927e-01       2.09251770e-01       2.90748157e-01       6.46918496e-01      -7.62559056e-01
      2.61000000e+01       4.99999915e-01       1.61060877e-01       3.38939038e-01       5.67557709e-01      -8.23333515e-01
      2.62000000e+01       4.99999904e-01       1.16415706e-01       3.83584198e-01       4.82526073e-01      -8.75881497e-01
      2.63000000e+01       4.99999894e-01       7.70961192e-02       4.22903775e-01       3.92673195e-01      -9.19677960e-01
      2.64000000e+01       4.99999886e-01       4.46696655e-02       4.55330221e-01       2.98896857e-01      -9.54285304e-01
      2.65000000e+01       4.99999880e-01       2.04290849e-02       4.79570795e-01       2.02134039e-01      -9.79357744e-01
      2.66000000e+01       4.99999876e-01       5.34077296e-03       4.94659103e-01       1.03351565e-01      -9.94644764e-01
      2.67000000e+01       4.99999875e-01       6.25318852e-06       4.99993622e-01       3.53643564e-03      -9.99993622e-01
      2.68000000e+01       4.99999876e-01       4.63819603e-03       4.95361680e-01      -9.63140283e-02      -9.95350873e-01
      2.69000000e+01       4.99999880e-01       1.90519405e-02       4.80947939e-01      -1.95202154e-01      -9.80762906e-01
      2.70000000e+01       4.99999886e-01       4.26728561e-02       4.57327030e-01      -2.92139885e-01      -9.56375480e-01
      2.71000000e+01       4.99999894e-01       7.45592513e-02       4.25440642e-01      -3.86158650e-01      -9.22432266e-01
      2.72000000e+01       4.99999903e-01       1.13439916e-01       3.86559987e-01      -4.76319045e-01      -8.79272412e-01
      2.73000000e+01       4.99999914e-01       1.57764801e-01       3.42235113e-01      -5.61720217e-01      -8.27327158e-01
      2.74000000e+01       4.99999926e-01       2.05766813e-01       2.94233114e-01      -6.41508866e-01      -7.67115524e-01
      2.75000000e+01       4.99999939e-01       2.55532262e-01       2.44467677e-01      -7.14887770e-01      -6.99239125e-01
      2.76000000e+01       4.99999951e-01       3.05077157e-01       1.94922794e-01      -7.81123751e-01      -6.24376159e-01
      2.77000000e+01       4.99999963e-01       3.52426300e-01       1.47573663e-01      -8.39555001e-01      -5.43274632e-01
      2.78000000e+01       4.99999974e-01       3.95692029e-01       1.04307945e-01      -8.89597695e-01      -4.56744885e-01
      2.79000000e+01       4.99999983e-01       4.33149476e-01       6.68505070e-02      -9.30751821e-01      -3.65651493e-01
      2.80000000e+01       4.99999991e-01       4.63305331e-01       3.66946597e-02      -9.62606182e-01      -2.70904631e-01
      2.81000000e+01       4.99999996e-01       4.84957375e-01       1.50426213e-02      -9.84842500e-01      -1.73450980e-01
      2.82000000e+01       4.99999999e-01       4.97242409e-01       2.75759049e-03      -9.97238596e-01      -7.42642645e-02
      2.83000000e+01       5.00000000e-01       4.99670667e-01       3.29332650e-04      -9.99670613e-01       2.56644754e-02
      2.84000000e+01       4.99999998e-01       4.92145343e-01       7.85465477e-03      -9.92114251e-01       1.25336784e-01
      2.85000000e+01       4.99999994e-01       4.74966448e-01       2.50335460e-02      -9.74645010e-01       2.23756770e-01
      2.86000000e+01       4.99999987e-01       4.48818849e-01       5.11811380e-02      -9.47437438e-01       3.19941051e-01
      2.87000000e+01       4.99999979e-01       4.14744970e-01       8.52550089e-02      -9.10763383e-01       4.12928587e-01
      2.88000000e+01       4.99999969e-01       3.74103228e-01       1.25896741e-01      -8.64989281e-01       5.01790276e-01
      2.89000000e+01       4.99999957e-01       3.28513881e-01       1.71486076e-01      -8.10572491e-01       5.85638243e-01
      2.90000000e+01       4.99999945e-01       2.79794434e-01       2.20205511e-01      -7.48056728e-01       6.63634705e-01
      2.91000000e+01       4.99999932e-01       2.29887176e-01       2.70112756e-01      -6.78066629e-01       7.35000348e-01
      2.92000000e+01       4.99999920e-01       1.80781754e-01       3.19218166e-01      -6.01301511e-01       7.99022110e-01
      2.93000000e+01       4.99999909e-01       1.34435844e-01       3.65564064e-01      -5.18528388e-01       8.55060307e-01
      2.94000000e+01       4.99999898e-01       9.26971135e-02       4.07302785e-01      -4.30574299e-01       9.02555023e-01
      2.95000000e+01       4.99999889e-01       5.72295529e-02       4.42770336e-01      -3.38318054e-01       9.41031707e-01
      2.96000000e+01       4.99999882e-01       2.94471424e-02       4.70552740e-01      -2.42681447e-01       9.70105912e-01
      2.97000000e+01       4.99999878e-01       1.04574789e-02       4.89542399e-01      -1.44620047e-01       9.89487139e-01
      2.98000000e+01       4.99999875e-01       1.01762073e-03       4.98982255e-01      -4.51136505e-02       9.98981736e-01
      2.99000000e+01       4.99999875e-01       1.50390509e-03       4.98495970e-01       5.48435063e-02       9.98494838e-01
